8.059911147,8.360114678,10.86833868,14.46942144,8.378980875,7.93148188,8.475164216,16.24799341
8.062697872,10.82395681,13.66844787,17.65615856,5.175694444,12.75762833,11.23133898,14.66134922
7.190578028,7.019239015,13.38789753,13.68295513,5.821323954,5.974841137,7.60571201,11.80773073
8.815884929,7.681827239,13.89052292,16.01631862,6.383026664,6.895614268,8.961991322,14.25827891
7.904108011,7.188029393,11.72539451,12.89043669,6.318917392,6.963889889,8.426325516,10.83352337
9.401367063,12.80464965,13.5115617,11.68675,7.09703373,13.33488158,12.3764825,14.39513889
4.072395833,11.52115587,14.60572781,8.555555556,15.14072917,11.3937777,13.38656434,18.21666667
7.915728088,9.42523317,12.0288096,14.86378214,5.58005497,8.377559725,10.26833788,11.90739894
6.833023934,8.005520825,11.15175437,13.49081313,6.758647855,6.614128713,9.686720395,8.67450975
8.836879064,9.191018318,11.39304187,13.51501964,6.353957163,10.24241574,10.6476695,11.49482406
8.376489507,7.620166791,9.470222856,9.681054364,5.450727513,8.82407832,8.995681235,8.777886527
12.14973663,8.712723937,9.639873742,12.4118357,9.113546115,8.364329429,10.69828107,10.34505542
11.41999987,8.970169242,10.55435928,11.38472657,7.531297327,6.97878052,9.118636775,8.971012205
6.202790945,7.615437307,10.65802062,11.80441346,6.096714015,7.708290449,8.116805556,8.08272096
9.906018258,7.220418028,10.21276734,9.142167996,6.316674901,6.082803961,7.912333665,7.662725032
10.59434827,7.274928687,10.65672404,10.17860703,7.352730167,6.83689917,7.982043665,7.856842758
10.63590675,7.119296146,10.71701188,7.875465252,6.215844156,6.107548868,8.65572868,7.581723485
8.857647742,6.807901952,10.34354744,9.485339545,5.856385661,6.230336983,7.313144592,7.088628864
9.776487447,7.366891797,11.63973864,11.70691071,8.983645807,9.280254544,8.351682649,8.940291306
12.2701915,7.836865962,8.405913169,9.393129498,9.627718137,7.186854576,7.66827381,8.648501157
11.8355354,6.592399719,7.820584805,7.864855811,8.690800002,8.743950787,7.022903161,6.826572963
11.59232651,6.181572944,8.121042398,10.60569946,7.707598756,7.351531665,7.627086835,7.062632098
12.28029662,6.850401056,8.248085552,8.061223905,8.952910619,7.449621337,8.375379352,6.757631074
11.33682608,7.327473189,8.603291142,8.53814126,11.94692549,6.811316193,9.858301792,7.969112599
10.94244424,7.798888215,8.580696063,9.459067742,6.391836081,6.312750624,9.351237536,8.783826885
9.178890267,7.359726013,10.28048225,9.436709216,5.995360725,7.012227227,7.333272276,6.683978175
8.916833823,6.651788267,10.05317578,10.08067662,5.990625,6.162693313,7.818426916,7.445929952
12.13183436,7.342129222,9.328545763,9.278941195,7.487114528,6.058772354,7.886445234,7.339985411
10.06063648,6.997035815,9.187448724,9.377674734,11.61041667,8.205128369,12.17574144,8.613078949
9.0873125,6.455201929,9.05640631,10.52863258,3.966666667,8.092334996,8.158853213,7.302624704
8.24705992,6.02121183,9.205084687,8.685575954,5.744858059,5.458238196,7.220595813,6.942537879
10.7154584,6.068944218,9.168933965,9.765402876,6.691994048,5.80390795,6.91046627,7.33462963
9.372509114,6.689864881,11.17389243,8.519311205,8.942495791,7.642678026,6.44125,7.482361111
8.723372648,6.668959899,10.09409056,9.696164407,11.33709865,6.030168174,5.901612554,7.160178571
8.018222767,6.579145586,10.83552521,9.962948954,6.431249438,5.887520478,7.400167134,8.112209082
7.909755149,6.783929331,10.92069912,10.6566403,7.29390886,7.567634259,7.149822549,8.027518415
9.774753491,7.486471683,10.52351218,9.080046212,7.956517781,6.640647521,7.685391767,7.299361111
8.44734037,8.349031622,13.06121898,12.27503948,6.144881997,8.468504042,9.031818182,11.3708664
7.429277977,7.113929385,13.24462458,13.78096126,7.06243671,7.763355266,14.35496165,12.84310395
8.037276327,7.332548754,12.45602861,13.78572343,6.77090283,10.32280252,7.817302874,10.55437063
8.575845107,7.233266317,12.95458224,12.60822633,13.01769562,10.8224916,8.940486289,11.77819444
7.420985276,6.865886468,12.20704422,12.71275342,11.81249421,6.059307837,8.560411639,8.543437369
8.529942747,6.581936484,11.31553804,11.73153824,7.123656401,6.998377869,6.696673012,9.148455293
7.930562059,6.98710753,11.64375473,12.75823106,5.520833333,6.263385958,8.513094554,11.01257937
8.580146909,7.539804544,12.90647433,10.79953008,5.821058455,6.308442653,8.189582881,9.235096782
9.188608218,8.36387605,14.40527255,11.61658706,6.869097222,6.365791005,8.28125,9.864583333
7.862291084,7.939854239,11.31127841,12.84246189,5.891217949,7.129528065,8.896113782,9.532732684
9.610340278,8.006177856,15.60708883,13.47492725,5.276388889,7.913722222,7.941041667,16.33008681
10.03796931,6.969340544,10.78819867,8.774044754,8.216056858,8.657194113,7.613358093,7.488160244
8.568549707,8.290994876,12.41821812,10.25445927,5.451103178,8.520453048,7.322023682,8.392347415
7.86767704,7.282891564,11.51306718,11.01085312,4.948540404,5.535492353,6.461114117,8.157043981
9.624104013,6.470597086,9.886532925,9.355494893,6.203504896,5.569450701,6.85094471,7.273322642
9.41648535,6.820853747,10.30656502,9.647821379,7.977522057,6.950738625,6.754804387,7.563599537
9.583963445,7.1445152,9.522752268,8.381185808,7.261676679,6.799896175,7.359418051,7.250087733
10.05356154,6.67856136,8.992856181,8.236126651,5.677649573,5.534592558,5.944057239,6.127777778
18.83607573,17.9793546,17.66210964,22.29547024,26.598125,26.47703632,25.31942708,26.598125
13.13124897,11.83210021,14.68167977,19.41213122,18.48311099,19.61661524,23.78124501,22.04531102
10.47806103,9.345403334,13.81324737,15.18674712,9.825198413,10.76089279,12.77110625,12.08558997
11.0012229,10.12652218,13.20731071,16.0159708,9.406341691,11.14478449,10.67228587,11.8248764
13.60053851,11.53467614,13.96188223,16.74366237,21.21612195,19.65502355,20.95717654,18.69479707
9.61694847,8.967782645,14.50945727,20.00171462,12.65096546,8.451601705,10.11041912,13.81127208
10.60622577,9.115251072,12.41255976,15.63865763,7.16517154,7.330267214,8.755629796,10.99509965
10.50300415,8.04748447,12.08972378,14.15085009,7.808333579,7.255760677,10.51946873,12.03880348
9.825069224,8.241518618,11.00198942,11.00262097,6.61003343,7.159291364,8.963971845,12.31421654
10.23392338,8.454443689,11.35549111,13.06433484,11.58607887,7.498132839,8.652624459,11.91159314
10.60132775,7.219871962,11.02090467,14.01248955,11.60253167,7.759913932,8.246140996,13.04386246
12.11533153,6.981611466,10.02231116,12.79076864,11.80578299,7.682384571,8.947789877,10.57943659
12.41440898,7.091991925,10.1459453,11.59769978,8.790260633,8.250284152,8.147703216,9.69859924
13.56514094,7.143321749,9.235539517,11.53271317,7.675990759,7.346968468,8.439088096,10.16922218
10.33101487,6.86263494,9.55024059,14.33646821,6.525307765,5.938989554,8.469731789,10.90651291
12.19539113,7.041320637,9.456861426,12.5311003,7.098191392,6.918921336,8.225240088,10.87661785
13.04569348,7.653321253,9.774382807,14.34857124,6.91185571,8.122079155,9.320738927,11.31579082
11.08684561,7.519111723,12.19353013,14.05328782,6.227186147,9.014955908,9.361550457,11.4464998
14.94989225,7.348598914,8.90211909,11.08662649,13.36615162,7.399197862,10.26483885,7.64295232
15.86793775,7.694428672,9.759315222,16.08607735,12.37680363,8.465189021,9.408329045,8.556967049
13.60233707,6.75645687,8.939662898,8.995468833,8.498197874,6.865541571,8.005653467,7.230562435
14.45786596,7.363853472,8.789576017,7.889161195,9.815711806,7.192661871,9.00011655,9.742222222
13.63870138,8.707559524,8.623194444,8.964027778,11.99619792,8.884980159,7.052083333,8.144791667
14.4421758,7.772796185,8.422899316,9.761769775,10.49647478,9.646092401,8.325449735,8.309893266
15.67729075,7.633080753,8.731658149,9.049150299,17.20193318,7.289023964,10.47437962,9.091259398
13.20876159,8.230796551,9.714485354,11.98507491,8.419891328,9.344086294,8.707538495,10.70467519
11.86388228,8.057522217,8.872566543,12.86351575,7.489856151,8.282448359,9.637021911,12.32042583
13.68999249,8.291173041,9.640454195,14.14824792,8.305493226,9.272261837,11.77822268,12.17537416
10.90351176,8.445493227,11.24156497,14.16221198,8.592572751,7.700862158,9.645722456,13.1697238
11.07255346,9.109717713,11.20180951,15.77551849,7.418174962,9.301214077,11.08874926,13.54574814
10.3534747,9.217751612,11.10802441,12.68410008,11.99659754,8.486101994,11.00540354,11.1493662
9.484298467,13.19568917,13.27565533,12.3413604,5.787596618,13.70381016,11.74149131,14.00522482
13.21110965,11.10857111,12.83450443,13.40953242,9.625274904,10.91893846,11.88186697,11.6711072
10.3145325,10.94476685,13.6693849,18.65659714,10.55134491,11.36577025,12.9507337,14.82908165
10.13773823,12.09092857,13.0718054,19.2551022,15.43568339,11.96295634,13.15152226,16.85698697
6.49,14.03803152,14.0195665,15.78717262,6.363611111,15.09020924,11.29890491,14.77673611
7.0875,9.434720238,14.93138889,14.65416667,9.557864583,12.35811111,16.96237847,22.31875
11.2595076,10.5284132,12.54659634,13.62034608,11.37691157,12.16190258,11.56317907,11.94705808
10.11031854,10.30844573,12.00556022,17.67258371,7.232018785,9.973782946,12.32005783,14.81248926
9.143248187,12.17850272,11.473054,16.4514827,7.077650309,11.5928405,11.8963434,14.99752045
12.26921435,7.841927592,7.528047034,5.901805479,7.917990431,7.251223676,8.588277382,8.463629679
13.56414979,7.295581117,7.71254571,6.40359979,7.781678902,6.67363218,8.358453989,7.112886153
13.60823592,8.086895854,9.41630129,7.736887505,9.628733771,7.76250982,12.09004085,8.909168324
16.7227338,7.806206545,7.788497833,6.833356837,8.40879688,7.295962187,8.583706434,7.729484127
13.6076118,8.15511609,9.58501463,8.301560771,8.263867224,7.65992402,9.562264655,9.222393748
13.52785934,7.463639637,9.118486344,7.941200382,8.795180591,7.153170048,8.862951248,8.188646792
12.30626628,8.151793117,10.53721765,9.328855149,7.174604166,7.388679929,9.753950918,9.365116603
11.70415567,8.024513844,10.17264343,9.980392134,8.16834143,8.117797991,9.675413903,9.998544295
10.89761025,8.638225813,12.06139584,12.60864475,6.130042144,8.632564115,10.64721965,11.81023734
7.424516576,7.218341141,7.992988973,6.406659297,5.559532265,6.485786254,7.909957967,7.248081099
7.710416667,7.676565491,8.396202381,8.603333333,4.65,6.771649832,9.529027778,5.758333333
8.899204815,6.852208311,8.755403941,8.348339245,5.08119023,5.511993681,9.137158339,9.93992544
10.20516426,8.371839546,7.030240469,5.323047323,7.06434381,6.622370307,8.232981885,6.904573736
8.516000198,7.200155236,7.620447872,5.166114725,5.986190974,6.226943122,7.114787356,6.284968915
8.650030404,6.601238538,7.022884939,6.352065698,6.498680296,8.085655271,7.539302646,8.379659091
9.535953424,8.11902856,8.58804972,6.20534893,6.044972004,6.578449983,8.730584497,8.369170355
11.69405556,13.30722346,11.91832285,14.37319515,26.598125,26.598125,26.598125,23.97374527
5.835457672,7.996564574,8.104402914,9.048450421,21.75752232,20.75868423,22.972287,13.02352066
10.09328886,7.216618889,8.244012374,6.296361874,6.526990661,7.409418228,7.761857674,6.932059524
10.48512251,7.36762787,8.864635762,7.471350238,7.547888374,6.531573995,9.058012375,8.044046379
7.728914316,6.133056891,7.238567603,7.625224969,5.867175582,5.314002005,8.018713446,9.128490741
8.777831155,6.524377691,8.291825272,8.07545328,6.446256614,5.792057773,7.039026703,7.675798611
6.807294771,6.548387829,7.623227654,7.448296443,4.798610155,4.901026986,6.762178854,7.692280036
7.65717455,7.434052886,10.87727104,12.62155818,5.423794305,8.253259834,10.02745658,12.29339674
8.109720784,8.001723336,9.926148332,16.03142653,5.508910534,10.60381156,12.41213971,14.92367246
10.11530154,7.117158449,9.717591551,9.467090789,7.372447917,9.115598364,8.102840263,9.463249499
9.748017043,7.812193915,10.61501984,9.808482143,8.495833333,8.680817537,7.021473214,9.659414683
9.263842501,7.043901298,9.069466813,8.561166769,7.143575832,6.804210523,6.657822195,8.084416118
8.667678707,6.776532958,9.256998734,7.570586637,6.147091987,5.977290962,6.483884889,8.203329549
7.798149998,7.797075601,12.18242477,10.1437975,10.04571181,7.65298324,8.24022792,8.970350279
8.553125731,7.319397116,10.67212302,8.493625,6.767427624,5.194035354,12.13877894,7.153824405
10.82762115,7.255368019,7.778082195,6.109697155,6.876473159,6.412370263,6.071493893,6.723889493
10.32960055,6.934966047,8.539761608,7.592400657,5.725909399,5.834332531,6.283298611,7.894791667
11.93773221,7.842575645,8.843800393,7.34419207,8.69954887,7.884187891,7.094929146,7.414052949
11.22769032,7.805442774,7.535084653,6.331769519,6.152300198,7.24882234,7.289821068,6.887831514
11.39763159,6.991256013,8.253661035,5.903373819,7.543522634,7.586951455,6.042786171,6.662637231
10.7893856,6.9464155,7.114620869,5.745929505,7.254677301,6.225951801,6.318342309,6.300107199
11.07279867,8.398433626,11.51801771,7.994371842,8.118827336,7.518381628,8.387514665,9.918876263
7.692371398,5.875538997,6.926306246,6.313185803,5.222985654,5.361019873,5.316531928,6.683874427
8.252195127,5.954342481,7.174446691,5.240574441,4.679787202,5.162379603,4.773387509,5.697693376
9.958891628,7.814012457,8.897731846,7.404441428,6.157690603,8.994215713,7.837022715,8.502404762
5.487962963,6.487277778,6.292916667,6.683571429,5.391666667,5.750011905,6.011805556,5.614583333
7.585206502,6.621491664,8.014192226,6.477537037,5.427604167,5.218654882,6.672465278,7.068981481
7.167358545,6.114238535,7.52064856,6.471780285,6.489262821,4.990059763,6.367794174,7.426956522
9.662860075,6.587433837,8.117085285,8.023349525,6.239087942,6.533454088,9.05253481,7.552738095
8.796151425,6.737519473,8.348487731,6.816863468,5.160281676,5.230351338,5.764650583,6.960645472
8.940079004,6.245929709,7.785853369,6.241336719,6.24049915,5.663246986,5.226754269,5.882541977
10.30947102,7.264521525,8.193946591,7.180627798,7.862754375,6.519765094,6.753371252,7.30249183
9.66680203,7.138608862,10.19311466,9.200558354,17.96454861,7.723567446,6.244795658,7.587152778
8.658167735,7.091479306,10.08487036,8.510391919,6.044590774,8.63187328,6.291147116,8.176332962
9.587612339,6.615880263,8.408701433,7.877075242,7.977314116,6.222382557,6.199748932,7.719799543
8.869147993,6.417100666,7.238724206,7.080561966,5.70429819,7.80274649,5.85216313,6.057858796
9.66401078,6.44242543,6.412457367,5.445287739,6.509099564,6.374331202,5.642797416,5.604957075
9.459487022,9.084013428,10.26227592,10.33291988,11.86579596,14.51122625,12.13590795,11.7378695
11.05027441,10.08813348,10.72887568,11.9014098,14.73416776,17.30041837,17.94395216,12.24574554
6.965972222,7.816083333,11.68822222,8.844833333,5.146666667,7.967666667,6.570763889,8.00125
9.440703685,7.050555286,9.80626937,8.562896465,6.423018519,6.364627709,6.617121212,7.656210317
9.038307882,6.408777305,8.900589655,9.832970835,7.000025024,9.498225115,8.407832718,7.083710317
8.999915558,6.270744688,8.363376719,8.944601528,12.76292715,7.41539524,9.412910674,8.369731871
10.53938909,6.318304565,8.424735452,7.889277855,9.344787645,5.869284403,7.346489488,7.90467164
9.388692272,6.404031049,8.092416304,7.636387418,6.788495083,5.959778473,6.413282436,6.446289623
10.27174645,7.113009137,7.760010896,6.710202904,8.976655575,7.146430637,7.802283249,6.931189459
5.116666667,6.381,11.95243056,12.85833333,6.091666667,4.2235,4.6953125,8.083333333
9.632824095,6.677314497,9.627876109,7.606805556,11.80914449,8.64812136,7.632766106,7.110056818
12.86936111,7.190523446,10.00132894,8.553869949,7.2609375,10.20302083,7.259970238,7.850868056
9.235384503,6.053968686,8.395699807,7.404303555,5.587019231,6.397768718,5.767062135,6.543793586
11.89128028,6.379825128,8.726414108,8.450862695,8.102159085,6.947689607,8.839791577,7.110824292
10.53874431,5.839655165,7.06919509,9.287863234,7.475408015,6.092235161,6.910739626,6.680090023
10.12064407,5.624279038,7.962582166,11.74564087,7.063375379,6.019396253,8.892671958,7.465726107
9.623153322,5.622019522,7.784001282,9.980751761,6.662611223,5.899724764,7.415899123,7.181463956
12.12240884,5.671609654,7.672397405,9.171086007,9.881185549,7.226758353,7.500983768,6.752492856
9.01775089,6.119715535,9.469126976,9.563286599,6.935969985,7.648831865,7.787258425,7.618114316
13.12332492,6.359285804,8.139228097,10.71790741,8.584322638,9.32248677,8.668621675,8.482074176
12.69594149,7.220714793,9.141936599,9.365642992,7.960721075,8.642392902,10.20901317,8.924263273
11.50887108,6.186365618,6.566012339,8.145435993,15.80252582,5.582456552,6.955923913,5.968765025
10.97028721,6.245987284,7.481904885,12.65687702,9.219003352,6.539397354,8.503755095,6.523259522
12.28123419,6.358562746,7.246415086,7.29805213,7.566446902,7.069658811,8.259117535,6.643639867
12.92491346,5.720934272,6.57070874,8.468544641,7.497601446,5.473027681,7.068897407,6.521047009
10.90276649,6.187309319,7.824870012,8.593469964,8.428834138,5.862992284,8.665079643,6.93310866
14.54008388,7.617815792,7.394693813,6.424349206,9.833629386,5.776984848,7.260519719,5.6175
12.00077965,6.471974665,7.67947516,10.14032631,7.929636054,7.862984777,7.688751975,7.69676766
11.04377604,6.738139773,7.225078704,10.73242075,7.515734352,6.433600001,6.876479135,7.126694318
9.981603496,5.81938021,7.966244307,13.21825344,9.237732198,6.370912912,7.816299957,7.21066082
11.61666209,6.548662384,7.426333192,10.60883399,8.020857961,7.261217659,7.197494093,8.485048985
11.45455988,6.356226764,7.431432979,11.82292333,11.0819813,8.023561593,7.08679343,7.308585478
10.31027817,8.735657418,7.485315279,11.85775194,6.871135602,5.857273904,7.307337427,6.55375817
11.56453689,5.883719305,6.447460016,14.17775,6.50160672,7.342689225,9.183764534,14.3043089
11.24747713,6.382567385,7.876218651,8.784190342,12.30780349,6.779507102,7.008268356,6.50228836
15.15773064,6.439616401,6.451487069,14.27005585,10.09687903,7.596351577,8.33672233,6.198353533
14.28752741,6.292451695,6.601019988,12.00692592,8.655794712,8.465889634,8.343810302,6.335597927
11.79106867,5.825856874,6.656319373,8.596593424,7.405110958,6.56329454,7.399463097,6.088088697
11.07072721,5.607873709,7.714848209,12.05873927,6.746530303,5.770893191,9.139731941,6.628096271
12.04449627,6.077623958,8.244001442,16.29028591,6.847661178,6.835945767,8.054006218,6.858775974
13.33627482,6.224530522,7.522992204,12.93346925,7.033531521,6.551946299,7.118879194,7.412430556
11.18206256,6.33637392,6.560497751,6.142035222,7.483630627,5.757549862,5.99164597,5.788425069
8.730208333,5.896011424,7.304904762,6.883082875,7.504166667,4.553333333,12.20369792,8.061979167
9.713241516,5.984765851,7.193317659,8.452998109,10.04382602,7.918709354,7.491326836,6.855746089
9.339404535,5.860963702,6.208414518,8.612353266,8.784773326,6.653600554,7.327723623,7.470128779
11.71227778,6.113804497,7.36209127,6.721611111,8.371617214,5.765444444,6.290451389,7.167222222
10.66702381,6.984212963,5.537222222,11.41805556,10.90097222,5.597048611,6.133888889,7.541666667
11.07585104,6.475565797,7.58829541,14.31788541,9.236993179,6.576244447,7.817450193,7.189063123
13.73556412,6.403514291,7.469586895,8.51975,13.23720328,7.39321176,10.04583139,5.845039683
8.092938369,6.404187869,10.68768247,11.93810073,6.347298511,7.226760052,11.60099309,8.085001031
8.530738352,7.256023277,5.712535646,5.31708782,7.305338097,5.834651157,6.206096681,4.726393745
8.379072362,7.352806122,5.651053129,4.747148148,6.081956699,6.668557089,11.18537527,4.995277778
7.95525,6.741911111,5.640416667,6.575902778,6.05462963,5.705761905,5.124305556,5.355972222
9.914567124,7.219927551,6.196560786,5.153250407,7.875347222,6.048525734,5.875245098,5.705074786
12.02678197,8.345600731,6.864051129,6.40028836,8.040376384,6.86437247,6.796388429,5.392133269
5.958333333,7.859652778,9.724074074,6.881944444,6.675,7.064560185,7.559375,2.366666667
8.595279111,6.90721288,7.004808245,5.914935288,8.446831894,5.882741364,8.545607363,5.343267507
10.09645833,7.831875,6.628472222,9.84953125,6.443055556,10.43142361,15.92083333,7.160416667
9.836044074,8.265979959,6.894510545,4.802015873,7.883167522,7.367681967,5.30608879,4.828452381
6.998935185,8.506481481,11.42416667,7.6,9.76875,10.207125,5.058333333,5.69375
9.927740833,6.583981815,7.62292365,4.768792055,8.028189023,6.792702779,6.819752781,5.658797348
10.13052923,6.439168641,7.040516354,6.153409392,7.884136544,5.894125458,7.171167027,7.316785714
8.342942077,5.796826893,7.408306718,5.904075757,8.434935897,6.79007248,6.254754413,5.39772549
9.677579852,6.783827497,7.397548204,5.318818108,7.975342844,5.826686768,8.535694444,5.701223545
8.361273644,7.591263043,7.520457604,5.826329824,9.262734025,8.01549571,9.846313165,6.25557209
6.226239968,8.042839998,7.436267975,4.602359129,10.8953373,6.24068602,7.628043631,6.57650463
7.580245483,6.938228876,6.987476195,5.33233216,7.018072041,7.391472665,6.445018519,5.341153635
9.548001263,7.273291822,7.459263044,5.826573232,7.230769231,12.29757639,5.778645833,5.233234127
12.88949603,7.268257369,8.51818663,6.642271573,7.902306548,6.521990783,7.591389259,6.235617725
10.84565873,6.380198148,8.389107143,7.635055556,9.435763889,5.695376984,12.1537037,8.384375
8.371511563,6.939823797,6.341243716,5.482132841,9.026390276,5.86884149,6.203687432,5.40068637
9.816040376,6.891155712,7.388751416,5.326444746,8.645308297,5.937375746,6.00750481,5.002412325
10.72816423,7.32490053,5.73691244,4.454231843,7.780471135,6.877298108,5.789477138,4.222099673
8.282208949,7.417138657,6.487402921,4.560586488,9.200023836,8.052244878,6.721834843,5.45127193
5.090986516,6.431979389,5.770265059,6.370914739,6.563948031,6.271886724,6.343763355,5.665713527
7.239800419,7.004950265,7.221105922,7.267361111,5.233391204,7.739962722,7.751770833,6.477430556
6.582574691,6.370361572,5.92786675,5.12994359,6.180282783,5.360067346,5.817273965,5.123141941
7.086169926,6.509540726,6.204070289,5.083495113,5.954763709,5.7734697,5.68561502,5.786700084
8.143883365,7.514475813,7.832870965,6.409701841,6.210070554,6.409901878,5.867394849,6.896805313
9.604656686,6.502304704,7.624305916,6.501406112,7.33125,6.298856061,7.530796807,5.763368056
9.400576795,6.053156663,7.16852928,6.953819566,6.017819437,5.80178843,5.690630889,6.804793399
8.479085974,6.241646342,7.16865237,6.747542611,10.80322565,6.894938218,6.081750938,7.403606563
8.238846039,6.763970084,6.924419049,5.45466705,10.79369172,5.743288639,6.473450768,6.375096917
8.513179818,6.66313643,7.664970252,6.268282019,6.751880252,5.631204208,5.985695716,6.110162142
7.994594015,5.825618221,5.782468419,6.490937964,11.47571569,5.765812687,5.802325041,7.011156241
7.606285714,5.816507049,6.959636202,6.614412559,6.311041667,4.649305345,5.676574074,4.672923142
9.576891776,5.980110853,6.706415043,5.727491766,7.158259757,5.138410145,5.651354527,5.740453767
9.952066376,6.583951689,6.463079642,6.131425998,6.461140644,6.10782233,5.798415297,6.144507576
10.99798486,5.96602114,6.871179331,6.326716735,8.657668194,5.567220433,6.666497021,5.06620109
11.02116921,6.624470469,6.877744984,5.630217537,8.702574697,6.367027842,7.532902088,5.804633573
9.353265945,5.926786073,7.60190571,6.151785823,8.410972826,6.121784361,6.039891733,6.652312457
9.616595281,6.204124115,6.579255947,5.673847934,7.217539683,6.077623117,6.834902659,6.060758008
10.62987056,6.260889957,8.429173387,8.10221619,8.113632418,6.519350627,7.262618138,6.659792688
8.864408339,5.467207812,7.996302492,8.89259231,6.71795063,6.275015697,8.053480718,6.476177941
10.62538112,6.549408916,8.48684647,10.06066276,6.639972946,7.051269736,8.239229861,7.957315566
9.965898811,5.788697759,7.801878141,8.793672178,6.82938197,6.871846183,7.329893906,6.856957662
11.8765504,6.801907774,8.249788303,7.245422103,12.06254889,8.203731412,6.649096281,6.226391449
12.20103652,6.136588893,6.59179149,6.335544994,8.080420875,6.190400407,6.287145337,5.381959064
10.43434004,5.656084964,7.011534649,9.047689322,7.874446412,6.559492239,8.456258759,7.333105137
9.749948532,6.292369826,8.470933381,14.5948125,8.932563492,6.476098216,7.934680886,8.571948653
7.717952751,5.19346595,8.555594635,16.76768008,5.27947717,5.854017005,8.970096118,9.372293859
7.067564815,5.883151987,9.043643494,12.8921493,5.760092593,5.501917931,10.68765415,9.003003247
9.755681281,5.385643574,7.112360233,9.621674012,6.561625769,5.632352295,8.092554867,6.898582048
8.061899144,5.680703058,9.6955856,19.17738585,6.633831898,6.57202111,18.50505985,11.5453062
12.67729823,6.016315634,7.517293597,10.26453435,7.595309274,6.329507225,8.014068092,8.787665677
8.950330808,5.134479473,8.314688823,10.55255495,5.243762626,4.703310718,8.373392857,8.507366797
6.116706276,5.390991298,9.107191225,19.60474948,4.620198413,5.869119831,9.136994699,10.75096995
9.196377539,5.992608275,8.987037625,11.73625062,6.531016542,6.342526365,8.673305475,8.726839078
10.91513715,6.06265946,8.358790031,18.4590316,6.816239653,6.901589312,8.089997822,7.789420546
9.693612184,5.772469469,8.411732889,20.97802888,8.90186138,5.446543459,8.189780998,6.711683005
10.17172478,6.07035534,8.747405595,18.80896894,8.11665161,8.991976161,9.40100143,8.812259793
7.947864534,5.627826545,8.756381302,23.11892396,7.000119155,8.600235074,10.81947506,12.2786271
7.505866012,6.146343024,9.604492138,18.15162912,8.790522563,5.771172061,9.967081062,8.967725742
8.210974868,6.544011979,9.323837185,15.16995256,6.186826599,7.606770403,8.811690566,8.346279461
9.863701507,6.145735885,8.412915364,12.50606239,8.65370674,9.103885223,8.759758346,7.62645007
8.617351238,5.704421811,7.988628517,11.91969352,7.738189021,8.150417798,8.892373361,7.908258452
10.71950814,7.794360305,9.112503995,19.99062619,22.15248264,9.424869193,10.88207542,8.0223305
12.81741399,8.541007533,13.06330237,11.13694172,10.22547543,10.99320551,12.22779612,10.70156746
11.20443914,6.532706899,10.31111086,10.78161109,7.693775531,8.428266179,12.18046088,7.207511008
10.87818376,7.202227237,9.617154311,9.113377925,8.847096974,8.791161973,12.75291783,6.19727103
7.402083333,7.495752722,11.52768121,8.016805556,6.618125,11.10329609,14.99537737,6.615625
8.664681386,7.40590085,13.21026279,9.710538781,9.21750834,9.253557641,16.21374883,8.924053819
8.792416667,8.027905556,9.67023082,7.795555556,7.315856481,9.593685516,13.69640625,8.010416667
7.871656332,6.24974252,10.89164343,10.07925,6.080462963,6.767968299,13.90850376,8.600892857
10.61564905,7.385864412,5.310974857,5.793570638,6.276778199,11.53485989,5.802930418,9.458556548
11.44963445,7.846608245,5.560529822,5.428938733,6.30344437,6.778984571,5.904270833,10.71354167
11.75113408,10.21280194,6.78663998,5.298534632,8.097888309,7.304614636,8.046567235,6.700088684
12.70075468,8.682000685,6.191745191,4.903247782,8.068350885,6.57807791,7.269115182,7.029917074
14.38882609,9.23767735,6.016598901,5.036238604,9.080181052,6.037634484,7.670177575,7.99588141
13.03482371,8.234748651,5.893137075,4.969411437,7.106435796,7.023773095,5.874564637,6.432655229
11.79446065,7.995569444,7.747986111,4.556666667,8.153819444,6.422222222,6.628531746,7.747916667
10.63136364,10.43170053,7.379549785,5.277966943,6.361772487,7.044571073,8.288177083,7.08659818
9.68973651,8.845554187,6.531920635,5.097707251,7.852722578,8.924093653,7.817175325,7.662156433
8.948434584,9.279259959,6.942771549,3.983548526,8.428504141,7.049957156,8.154954955,7.502476124
7.727559524,7.395295635,6.24662963,5.017925574,7.057986111,5.845134921,5.975112434,7.592159819
13.37168056,9.669625325,6.51678056,5.298566829,7.408614503,6.111633409,7.253472222,6.844070513
10.5763877,8.897303848,5.147840308,4.370407268,6.544011438,4.488308536,5.92189592,5.580548871
10.89570151,7.434185248,5.294805796,5.101953463,5.555067696,5.350717593,5.874644351,6.538897306
11.36799713,7.569330895,5.547099836,5.113454538,6.245218284,5.857958978,6.135588421,6.235919956
12.46641176,7.927705518,5.114471597,4.205790827,6.126143622,5.46722093,5.896653828,5.788454934
10.37139182,8.564065873,6.738847222,4.998742063,6.160972222,6.37731746,6.292824074,8.260277778
11.62095833,10.48953333,7.500583333,6.3078125,7.849255952,7.969981481,10.23819444,7.344791667
7.618888889,8.435658333,5.781481481,4.796388889,9.466666667,5.118194444,8.081388889,6.601273148
12.52581503,8.74263254,7.48631722,4.793640873,7.380168269,6.202675926,10.63152778,7.728571429
17.29018924,11.74496458,6.345444444,5.403240741,6.90625,8.044888889,7.300694444,7.277083333
13.72449893,9.070078972,7.363127482,6.05481734,6.845802397,6.84487684,6.809247004,7.671666667
12.94677463,8.643063198,6.21846492,5.540891274,7.108294867,6.708090337,6.947257389,8.34911637
12.61286806,9.506449206,7.576228836,4.336388889,8.862053571,6.903563797,8.091175214,6.71140873
10.923976,8.038949593,6.451718991,5.013245293,6.950654903,6.197790265,8.089961358,6.074684106
10.22741171,7.700945107,6.603283,5.195405563,7.098601894,6.923528507,7.301946249,6.78048657
11.64826415,8.473464788,8.218277554,5.257213725,9.09292954,7.418413527,8.48636969,6.215728632
12.10254029,8.915309053,7.692634907,5.485848341,8.277573395,8.374443552,9.269022619,7.424884572
11.41618211,9.120679117,8.102557957,5.749563563,7.338564452,8.817257802,9.73157473,7.862083333
12.04810572,8.615159362,7.810389511,5.55118806,8.416634099,7.655438225,9.213381418,7.262733459
13.04009193,6.696263583,8.178297756,9.412114136,7.950884104,6.544569576,8.760385199,8.513192499
13.12880807,6.928146209,8.056768831,7.804050989,8.134290676,7.08791224,9.375813868,7.892924253
11.43144902,6.809385719,7.542780046,7.559845194,7.75358607,7.33732772,7.859091053,7.409333651
14.68249604,7.333882173,8.527961555,8.372423087,9.171445869,9.722348429,8.348726852,7.505794643
12.15231135,6.658332841,8.666226966,7.755402609,8.148156085,7.29558146,7.724870871,7.313540602
18.8932175,8.996374246,11.00794788,11.85677353,14.12151963,9.754373138,9.844272486,9.525073637
14.65913007,7.801789795,11.90249032,11.96409354,9.643169467,7.214398351,10.42935569,11.18448071
19.80424351,9.603682344,9.63779356,10.88901526,10.79646744,9.542011995,10.5371358,10.01782173
14.94160852,8.794427922,10.62217298,11.11935226,8.664283471,7.865226929,10.70098264,10.44439289
18.2308746,9.141945585,8.152420724,9.192326583,12.33939732,9.605128142,11.20560505,11.7545648
19.61298679,9.58364056,9.733529124,9.053046263,9.475967366,10.26835246,10.79450125,10.70182947
21.36279429,9.725505395,8.221106927,7.776008361,9.852213309,9.501225231,10.30281715,9.205897139
15.67188144,7.60615227,8.917093987,9.610506927,8.655856647,7.933165944,8.806388173,9.350561312
14.70243716,7.355297135,8.79229433,10.187395,8.001030839,7.425308367,8.724216287,11.3347287
7.684446261,5.183667899,7.17587595,20.00265419,6.489723558,6.199585282,9.880010407,12.49540893
8.082122347,4.697254876,6.244898745,11.88133421,7.990966099,5.062595537,6.860610636,8.662262671
9.668225972,5.364232761,6.216127735,9.930292574,6.768588092,6.119404153,7.363054472,8.17151094
13.50129167,7.528974892,9.299543626,11.67409722,6.804166667,9.807345238,9.636527778,9.600810185
16.50420538,8.76411039,8.655555864,9.635609568,15.44840278,14.6262128,11.567112,8.943785173
13.84861111,8.930307937,8.416196636,11.58601566,8.15,6.051111111,9.627083333,6.947222222
12.20742546,7.531936885,7.935881092,8.436273877,8.007116402,8.195314913,8.571080466,8.659138622
10.67048611,7.410622651,7.277241751,10.80833617,7.068888889,9.507845598,8.666053344,10.4871131
14.42774405,6.933619427,8.267402426,13.74635736,13.88519559,17.11031262,17.53640298,15.58192926
11.24091581,6.140345722,7.0681018,10.40822361,9.869062222,9.127265718,7.891546995,7.87422538
11.56895649,6.892822921,7.022322872,9.063972289,7.923916246,8.144673553,7.525549154,7.176771922
13.69606365,6.446187358,6.211725856,7.875650571,7.701868639,8.09041132,7.968164747,7.383443813
15.88238103,7.2235464,7.09650802,8.891878299,13.91026675,8.666775182,10.0997452,7.329406145
9.402708333,6.253187613,7.382736409,18.72309918,11.91855903,7.616061591,10.20528471,13.46129403
11.77386111,6.208411044,6.476365981,6.902916667,10.09027778,7.429271104,8.320700631,6.427083333
17.98929762,9.547372812,9.325138167,9.164603175,12.55138889,11.29999145,10.17097222,9.721805556
13.84442536,6.088737298,6.852440952,7.758647906,9.709198845,6.785669833,7.342069028,7.271074394
14.30095605,6.239108025,6.590854681,7.916426382,7.392225391,6.588103814,7.464304956,8.065057715
15.36800395,6.867704477,7.389567022,8.269163656,8.757747844,8.744099214,7.870467494,8.233051075
15.05012208,6.522563214,6.502125849,8.564621595,12.35972222,7.630117039,8.112173064,8.196492499
13.77880123,7.349197332,8.562593992,11.1163028,8.251944444,7.714592091,8.764541246,9.943176926
12.19895833,8.104194444,6.830416667,7.621416667,11.45833333,9.610548611,10.15486111,6.200694444
13.69046391,6.669833889,6.921893002,8.155660591,12.01701224,7.518672532,7.19747755,9.086766633
13.93571061,6.644009681,7.89470578,8.797189868,7.169842365,7.390566616,7.96046207,8.9745632
12.96311297,6.514027938,7.756034012,9.663932754,9.582796579,9.616738779,14.73990825,14.48062897
13.53417178,6.46463902,7.078871973,8.698052114,7.393169545,7.228190147,8.691252541,9.075309761
10.14145155,7.0240765,9.177559178,10.35477256,6.650648148,9.070389295,7.992101908,8.198885193
12.913767,7.467433206,8.207593842,9.981556365,7.291742309,7.377112299,8.795680623,10.49364577
15.14017793,6.696138468,7.747925723,9.307462256,7.493116383,7.914165719,8.066656622,10.64495863
12.78040748,6.714422217,7.44806836,9.472646472,7.12407695,9.439668729,8.210755773,13.67411333
11.23051909,5.957269899,7.416944735,11.53515846,8.412849206,6.928621923,7.297264306,9.09528372
11.98154999,6.493703732,9.366488721,12.49435806,10.2829861,8.528567497,11.06792054,11.85261833
11.14487926,6.71584351,9.821246032,10.0873395,10.8777438,7.436025711,10.34587322,12.25595116
12.47483832,6.618341945,6.814206993,7.22790913,7.596506298,7.706993387,7.313629531,7.452959025
12.83680546,6.835761751,7.027180827,8.135180388,8.568747515,6.99527089,8.294715739,8.890251569
12.95503061,7.304295713,8.202398862,7.964764108,8.43593003,7.792524909,9.337457365,7.229689714
10.61674934,6.183535124,7.90956229,7.977139099,15.00301416,7.145188385,8.06577381,7.477207341
11.56559113,7.367956978,7.90581384,14.18062802,9.656076185,8.531694831,10.27639189,7.874935741
10.16245578,6.624431753,8.094018878,9.239364043,8.470221126,6.047045177,8.160378028,7.308958333
14.10355308,6.879550856,8.26066303,8.865823685,8.750243056,6.916733927,8.66480265,8.303968254
15.81891671,6.913979331,7.858742075,8.856155023,7.816862894,7.480869176,9.419760941,8.284429233
16.44204297,7.649819655,9.353667387,8.826036998,9.595883941,7.90963919,9.324318367,9.048212511
12.99001229,6.569711472,9.333915183,10.59417773,10.68600626,6.42146593,8.739112103,10.09727286
11.38834998,6.572138098,9.860482084,11.95427315,8.126743989,6.24390098,7.868599743,8.678467288
13.53644121,6.340166416,8.039962862,10.76763232,8.499237915,6.454900721,8.393186558,8.23290339
14.2603176,6.572213329,8.207391898,9.435618738,7.507449839,8.494726049,8.30544723,8.047509727
14.05178714,6.555525003,8.471037358,8.452804605,7.780939234,6.937566088,7.469929029,8.129108796
13.28142807,8.463699581,11.28493265,16.20631857,8.705561592,6.817129902,9.812565619,13.04212056
11.42040481,7.242309273,10.33499889,16.60523599,7.847056216,6.803053677,12.14191415,14.93882607
12.56033968,6.134661564,9.106427217,13.86698208,11.1065625,5.806358745,8.849249323,10.18173678
12.64873794,7.453762231,10.35713159,12.63464468,7.696401331,7.182007627,9.018840068,11.90443834
10.45608452,7.539855859,10.34656078,14.32182512,7.917645636,6.817860642,9.552357074,12.48597079
10.27886362,8.410941581,12.39047786,14.86460936,10.94519643,6.052788012,8.914321504,11.94831482
10.30936736,7.618180415,12.10463548,15.5869106,5.863463196,5.696426471,8.519910773,11.97191768
10.41808278,8.682806424,12.90253113,15.40136766,7.068119913,7.985056594,9.914201685,13.03075401
11.31060001,7.904298029,12.70206474,14.5764649,6.453677399,6.054078395,10.09789694,12.02646742
11.11681266,7.35261324,11.72997868,13.75724819,7.293016822,6.149718817,9.090708344,10.86046268
9.161958333,7.721027309,12.87864277,14.66711049,10.10092014,5.426758598,12.45265625,10.55616432
8.871564242,7.640667894,13.55613856,10.72207203,10.78910714,8.229347429,9.410731074,12.61132895
8.667824351,7.594576698,13.7144591,13.05080719,15.71719197,5.947668439,9.206377156,11.71985822
10.22397588,8.052703708,14.88027007,12.4174308,16.22161458,7.250453167,9.588360923,11.21756485
11.3232074,8.845817828,13.67167893,13.20781709,8.299275794,7.536109684,9.790230947,11.76321457
11.52236735,9.332241543,13.15354815,12.41805632,8.303544207,8.480462949,10.42139085,10.35946776
16.61044325,7.92991051,10.03518954,9.640167139,7.914837327,7.610602272,11.87534662,11.75889876
15.87388563,7.477618705,9.265030107,10.60421949,9.779187609,7.497286478,9.723423981,10.52492799
15.53352544,8.086519985,9.241926881,9.069993011,11.16517595,8.162136683,9.521026711,9.702746617
16.18646749,7.831468845,9.082873677,7.543152677,9.42504451,7.260027864,8.890885746,8.306659301
13.71793879,7.914165931,8.805818615,8.282636331,8.34663593,7.537040232,10.96672385,9.765237513
16.83553353,7.727237719,8.339677808,7.656442837,8.427241103,8.32743459,9.88685006,9.158191029
15.25811939,7.871403715,8.549350253,6.443100009,8.516955087,7.627021265,9.430604768,7.442686626
14.74986571,7.829632128,7.944815372,5.989660399,7.851831821,8.611923886,8.433340136,7.124191497
13.30545959,7.691021133,6.897437598,5.776059197,8.077321258,7.184048223,8.425132753,6.942532206
13.50076451,7.620744191,7.118700152,5.819685692,7.59238863,7.828886907,8.714484558,6.762431367
11.73251649,7.711338532,7.142910299,5.402320196,7.08028492,7.872306041,9.009836749,7.013359049
11.96742239,7.592937032,7.050678517,5.329154363,6.968105481,7.552041864,7.799233692,7.19591109
12.94697282,7.603283747,6.050814035,5.00033727,8.663085317,6.090024117,8.416548103,6.668359418
10.14151389,7.831930553,7.04285602,5.78417085,10.39903274,6.720027528,9.782559323,8.348115954
13.16170286,8.10455474,6.775538213,5.019350049,7.429205349,6.397292119,8.307771164,7.667208234
12.42059039,7.89165541,7.248503955,5.856274691,7.498848379,7.953404733,8.887878265,6.530923611
13.48882139,7.257898301,7.017477062,5.926698732,9.44783038,6.343564369,8.954904338,8.316646327
13.38052855,7.065219228,5.880315237,5.454096026,6.614398369,6.917508792,8.018527468,8.141931072
14.73754836,7.243614863,9.995448135,6.624634503,7.726180556,7.460327261,7.564002525,7.309849256
15.22002873,7.652711081,10.72942652,7.554740036,8.831452448,7.747038083,10.08819164,9.175162953
13.95545356,8.067162163,11.51595976,8.588583218,8.282695125,7.451452724,9.965011157,9.353287332
15.56595881,8.716619042,12.61355387,13.9779918,9.534519676,11.66339909,10.84288194,14.73185229
12.27111264,9.444989551,7.301397978,5.068936089,5.538380117,8.124143349,8.903750389,10.32299306
14.01418912,11.70385693,6.938856151,6.22490073,7.881861111,8.587198048,9.304999474,9.591999898
14.77449105,8.45463545,7.069697442,5.548149447,9.57487214,7.818654059,9.114519627,6.991323846
14.24894497,9.015664167,6.08554951,5.307924545,7.531325812,7.22408677,9.344795257,7.377545474
17.5908621,12.10267116,10.5260582,6.723625,8.58395202,12.73016306,10.24736111,9.785277778
14.11928267,7.889089433,9.11321813,6.30285023,8.38048544,8.467126343,11.38885056,8.029514273
14.49653661,7.625094293,11.06914553,8.921651344,8.206324405,6.904912565,9.872296447,10.16840413
14.21506456,7.759504958,6.958770915,6.604046652,6.967852981,6.641658804,9.801291764,7.963599942
11.70699261,10.81394922,7.949169932,5.055474515,6.267919302,8.55029009,8.744480057,6.380027937
13.87908049,10.5058049,8.004589932,5.478694495,7.961189236,8.382092301,9.052012245,6.454131944
10.93237151,11.43399219,8.400184342,6.451639037,6.924816176,7.610926389,10.187193,9.927795815
11.37411806,11.16373776,7.786757576,4.096805556,7.196875,9.016436508,9.130952381,5.846666667
14.04661242,10.06149254,5.609026696,4.96419943,6.905494281,6.55079261,8.412774725,8.494143519
17.78304325,9.678417997,9.473208196,7.710501804,10.22664341,8.91019211,11.54820853,8.415094611
16.61072527,8.859853463,9.926160907,7.991099988,11.20063814,8.989024137,10.89645454,9.119099378
16.93077374,9.301614353,10.08100042,9.089743248,10.99333119,9.267950231,12.11066288,10.26741319
19.38940899,9.950293223,12.66996387,14.89287232,9.837857063,10.64287622,13.65570839,10.79578351
13.22534028,7.654548599,13.2128083,14.79268112,5.847800926,5.925638944,9.807168803,13.87729938
12.9794213,8.278524269,12.74911639,10.27864646,7.663646442,9.414393444,11.0072601,9.079515663
14.05287738,7.483715548,12.91577097,9.3421039,8.359807692,8.853950245,10.83891071,8.858913936
15.54246204,8.871045363,12.95549509,7.561108176,9.385058081,8.034863674,11.93748843,8.535496575
12.16069213,7.805430429,11.0475797,6.931037241,6.916220238,7.150825397,7.450219456,7.714338173
20.0740625,7.443805556,8.292708333,4.476388889,7.65,8.666666667,9.017361111,8.639583333
15.0727491,8.638923874,10.75067478,6.406122493,9.967198163,8.290381485,9.887608153,9.044008104
13.69462077,7.876028113,10.60249691,7.295447708,8.337588111,7.282111904,9.46877427,9.622707667
14.32487103,10.57245476,9.397948834,9.952853175,12.72383681,8.685712963,10.39020833,8.861259921
14.5096684,8.80970351,7.380491118,9.035449939,8.294836724,10.12028169,9.670679161,9.15926452
14.56664954,8.08859844,8.927084055,8.272075886,9.254077381,7.230318578,10.7530859,10.0329247
16.6002917,8.205301942,7.585952585,11.6607624,10.82662695,9.120002772,10.64561843,10.98224226
12.21487442,8.427010833,7.491267839,9.01970991,8.567013889,8.315331204,9.437774959,9.605226523
14.78388202,8.980223214,8.863495967,13.78003677,10.67114049,7.545431397,9.979976852,12.30155303
14.8510434,7.811981711,7.515296537,12.86145654,7.44735119,6.647820106,9.770122631,11.34668561
15.09245031,8.311998101,7.599037439,9.779996231,8.477929666,8.945828997,11.63600907,12.72148842
16.72428116,9.209066809,8.418999391,9.162628147,10.37566116,11.3017446,11.34990997,10.99870874
10.05694155,8.742360414,9.13025759,9.630156174,7.847916667,7.861626984,15.20744963,7.884755645
7.588425926,8.210407143,7.642478355,8.354769841,7.520833333,6.445238095,13.01201389,6.667708333
10.01870002,6.241287629,8.595788114,25.38039461,6.388490212,7.333943919,10.90069259,11.63834955
13.72526859,6.785641754,9.863614418,9.615157801,7.373420081,7.178173062,12.2866758,8.949814815
15.89905655,6.403976064,10.00580535,12.00685826,8.029016668,6.972286272,10.88724665,8.674419307
9.191073371,5.368116619,10.09164784,19.86679006,9.745824061,7.853844657,10.46769455,11.16994967
9.015945913,5.440550045,11.67340909,19.07513912,7.932687327,5.405233386,11.85843721,9.883820755
11.94050181,6.508010302,11.66181583,15.0999987,8.838325369,6.651301325,10.71164365,8.648164148
14.90615741,6.021259322,8.049013189,10.95636279,6.604166667,5.602957672,10.0566718,11.80222222
10.401021,5.552876388,7.754492928,13.84911488,7.311150314,5.660689342,8.525891052,8.525683981
10.33540124,5.665698565,8.212199441,19.58528341,8.852504283,6.252696091,9.595065662,10.83053612
8.523837553,5.040767513,7.169583569,18.50864863,7.638056453,5.914929287,9.243385118,9.522258703
8.759180699,4.732029729,6.276958756,12.95119371,6.248850501,5.960132031,7.540457669,8.113688642
10.20303946,5.071902009,6.117288631,9.437080224,7.425939222,6.442755625,8.585565478,7.699273256
9.645380056,4.819697336,6.236902558,10.17340086,6.797344009,5.086784564,8.106129087,8.658336279
11.88862924,6.565811129,8.068966157,12.72774997,6.83191365,9.267656697,11.48165909,10.96584616
11.77971915,6.207674387,6.418048059,9.527854753,10.19615741,6.368359308,7.854406933,9.240718407
10.3804639,5.102814558,6.374530617,9.591015964,6.707956349,5.564192993,6.93411052,7.353445138
12.77373757,6.555515092,10.1638727,11.79266269,8.147903887,7.540271616,8.600318366,9.380886019
13.38370792,6.370024664,7.315986687,8.697840168,8.329652161,6.698476501,9.272243975,9.228314176
16.20557578,8.057815071,7.892647554,8.341607001,15.6365128,8.734542428,8.878431818,8.22501462
15.31939286,6.568580259,6.252870393,6.681679482,8.64864885,7.373534573,7.727319177,7.435113879
13.52990484,6.90618059,6.950514537,8.941309881,9.746827055,9.070430199,11.28520806,9.366556874
13.81538153,6.608339414,7.268443157,13.96653263,8.035896382,6.431397845,8.426574148,8.848722155
13.05920307,7.314475165,9.459726977,14.44086074,10.0299436,6.501356562,10.06388882,12.39650974
11.26039871,6.669026492,10.77812462,13.62366122,9.560808165,6.49900914,8.470450778,9.215321336
12.40954742,6.877244117,9.95646011,13.292191,11.33019737,7.676451343,9.196997262,10.55196356
12.2096453,7.484141711,10.04595632,11.42060882,9.629792071,6.30184242,8.858233203,10.04158509
12.38565088,6.970391165,11.47209684,14.05836258,5.66068109,7.17999471,9.551072509,11.54097348
13.50094281,7.618726724,10.63572894,11.43188496,7.99363586,7.92695263,10.54182275,11.66553883
10.9266722,8.374795263,14.85292861,14.56535161,12.578757,7.294549672,10.72295747,12.39705379
11.9882111,8.224857646,15.60360814,14.34568971,6.755290033,6.521216546,10.90479828,16.39063831
9.305829271,7.359716172,13.71874586,15.14917293,11.60636231,6.570746966,8.975983705,11.80843834
11.05981199,8.562572659,12.99795471,13.41654572,7.177061075,7.413555802,9.427692901,11.46797991
13.96598557,9.812831454,12.24226503,14.89576501,7.016051823,6.222065376,9.374718513,12.4006411
7.318055556,5.456027778,8.756472222,12.35194444,3.745833333,5.761388889,9.235119048,7.285416667
6.943859127,5.230884198,10.5576529,16.53381815,4.252291667,5.239271007,9.222668651,8.877446862
10.54434422,5.795703349,9.520851496,12.2212276,6.336896091,5.996710875,9.390498844,8.687861154
13.22286208,6.751325916,10.1405625,11.12469444,11.62073495,9.614825126,11.79861111,8.033680556
11.68271035,6.28618829,10.24535812,11.41160944,9.261472444,6.225220685,9.118286379,8.815656153
15.16665998,8.157894967,10.80156184,11.62161798,14.25165701,9.321583335,10.01467499,9.317913529
13.33708091,7.031407945,10.23209418,13.44688155,7.178343531,6.442593923,8.490936919,10.03839286
14.09661806,7.447926455,7.901760913,11.03145833,12.54119792,6.530833333,10.2617922,7.08452381
26.598125,7.227605556,12.33494544,10.19011111,22.83401042,10.6173125,11.24097222,9.005833333
16.19698785,7.451569841,10.99254371,10.62887996,16.41572917,8.352960317,11.81349206,7.953263889
17.8987629,8.989674603,9.359156746,7.629,13.77661458,12.32157684,11.07802579,8.128819444
19.94624399,9.095980299,8.772791291,7.941758136,12.02503921,9.114743543,11.70477762,8.575914903
19.67495548,8.851615265,8.929743597,9.556393351,10.42754391,10.35221378,10.81512645,9.15415657
16.10386982,7.175233871,9.320123843,11.89295212,11.60128648,7.150501439,10.48429194,8.95475436
5.53700659,6.118835451,6.381219692,9.138541474,18.22959077,17.19864407,8.922270247,15.84529793
6.907281987,6.181983874,4.84680673,4.951692561,9.669455409,5.298467674,4.660244361,5.513706756
7.943333333,8.610894444,10.44559028,11.92974537,10.33286458,16.86286111,4.039583333,16.64458333
7.217398148,4.920672561,4.468635684,4.100953704,5.863855219,3.882809524,4.538333333,6.457291667
7.581570232,5.794078066,6.149919974,4.519583333,5.19004551,4.200890212,4.270208333,3.905
8.395170635,6.348902778,4.236018519,4.689,4.044295635,6.177722222,9.531944444,6.602083333
3.45,8.234666667,5.695347222,5.504166667,6.191666667,6.108333333,5.266666667,6.666666667
8.28603966,5.41269161,5.159727759,4.30999446,5.196416663,5.333116856,6.497347481,8.15992148
8.431697957,6.246552398,5.0907381,4.313986006,5.417773942,5.286595167,5.902793779,6.917196181
7.111621626,6.374161231,5.039830875,5.062016534,5.63285329,5.562516977,4.791009425,5.79202381
7.369270984,6.301770592,5.614871775,5.243343254,5.652559524,7.448727904,7.160151515,9.278125
6.823316654,5.195513425,5.685160743,4.3604922,5.784149476,4.802346281,7.653437922,7.480212955
9.35396118,8.382153702,5.686194163,5.790211538,7.815763889,8.283458944,6.462091225,7.702604476
7.725382784,6.706800215,5.75113251,4.97914772,7.188859127,5.565466213,4.914557433,7.518386752
8.008388889,6.986055159,5.185070106,5.49525,7.405208333,5.211666667,6.705555556,10.92361111
8.786979589,7.250639613,5.69275968,5.977244949,6.871755051,5.428443205,5.768259981,6.5628125
8.737476478,6.824755479,5.518320199,5.051388528,6.919810681,6.61492383,5.053859127,7.436284722
6.553958333,7.845777754,5.726539683,5.012357143,10.02869792,4.338472222,5.259375,6.101736111
7.878338364,7.595413466,4.694070707,4.598702381,6.561922915,5.695802189,5.410703186,8.241964286
10.71738558,7.564190355,5.221424338,5.179531806,6.827523624,6.622653331,6.526016484,7.564231602
7.581941558,7.746766748,6.56920486,4.752585626,6.789955703,6.599547721,6.60938436,7.165888057
7.819672708,7.456290589,5.704169962,4.639122622,6.27784998,6.653320466,6.184153531,6.427141563
8.104439116,7.828248843,5.60911281,4.760631519,5.795141387,6.752582981,5.948455524,7.19826013
7.497927217,7.249859431,5.586215479,5.008919312,5.581672645,6.300796754,6.176051587,7.490655271
6.75405754,6.912997619,6.688515873,5.600400794,4.407361111,5.166339286,6.606430976,7.232291667
8.047245514,7.738041642,7.471298147,5.476717593,5.334616402,5.98349015,7.862178957,6.97717803
8.24383664,7.549302573,6.470222222,5.560443783,6.389914021,6.202883214,8.322083333,6.658541667
8.097381213,6.514124617,5.299039682,4.537639744,5.464374642,5.457278149,6.970374535,7.291468463
7.450496515,6.689748078,5.707014332,4.681899709,5.921955986,5.836908498,6.421243834,7.619976233
8.323168412,6.324228524,5.716157424,5.389144117,7.025340677,5.384772207,6.20584879,7.212270953
8.465057282,6.69477458,5.927384205,4.706592466,5.173107964,5.776123547,6.298466566,6.961698893
8.204645454,7.014638813,6.406984454,5.038891655,6.877560606,5.870796819,7.284523542,7.231622475
7.570296899,7.097878184,5.660296484,4.066515074,5.14780818,5.774928642,6.490668737,6.318043207
7.871877992,6.758428222,5.759388797,4.601558075,5.502948146,5.599041296,6.02991295,7.410417947
7.954673805,6.581364769,6.298353596,5.307829423,5.04815227,7.423629446,6.728136989,7.343145318
7.021161805,8.217759296,6.684818142,8.059586452,9.202814158,16.20569019,13.91848585,11.24663521
7.622146075,6.279125819,5.160671836,4.838744394,6.041798275,5.255880826,5.479116162,7.321229587
7.431041667,7.441265137,5.698959212,4.429229371,6.743537539,6.804555835,6.000085396,7.646420755
8.015842156,7.580007416,6.112625,5.120703704,5.591547619,5.904250278,8.320779915,7.297431078
9.200494273,7.527451021,6.510387356,4.738120926,6.011019273,8.51807583,7.186349193,6.422971224
8.926134087,7.49653582,6.096701389,4.973567986,7.182777778,7.694002903,6.836155627,7.600072751
9.023884508,8.611456748,6.666019136,4.882263919,6.397693498,8.254534822,6.718681872,6.669525298
8.446581936,8.120975478,6.793338696,4.482539762,6.815406196,6.471316201,7.991121212,8.639305556
7.526355883,7.107356752,6.31831128,4.599775717,5.998286844,6.073289429,6.21099602,6.613808445
8.548694224,7.803878628,6.894949319,4.711822925,6.826922299,7.42617084,7.646100427,6.598287927
8.551730687,7.603800283,6.754956971,4.8160166,6.70317964,6.827844424,8.188832906,7.103854458
8.704440055,7.725113661,6.319136516,4.68961182,6.777839842,6.218921642,7.225280274,6.373816441
9.017675939,7.646740265,6.622512747,4.592672619,7.766006216,6.433595551,6.321676434,6.926220238
9.236232041,8.269340384,6.637567326,5.672097666,6.936578897,6.985796197,11.48566468,5.845767457
11.13610317,13.68430463,12.18701901,14.41013137,26.598125,26.598125,26.598125,23.63169789
7.218729772,9.690333939,9.373292543,10.85679335,26.598125,26.598125,26.598125,16.2380987
9.418011394,9.203883442,8.236490415,8.907421078,6.594662753,9.507472656,9.427364309,9.708240867
12.61512335,11.46663821,11.50064826,9.660074495,8.622250465,17.02133578,12.21118056,14.75393519
14.45066348,11.73263074,11.98693581,13.08337879,8.055196759,13.20585677,13.30834316,12.97842284
8.708963989,8.79125411,6.790799062,7.253244464,5.746598725,7.401076923,9.048784722,11.01213624
17.64443287,15.13030126,16.54490014,15.34233327,21.08671991,26.36497917,22.30207582,22.42474089
16.53787698,12.94668664,12.67280159,11.32182937,13.60357143,13.33459821,8.2325,10.85208333
14.6390821,10.47625871,12.34051984,10.05354694,10.27221866,9.382440749,9.409929972,12.28861532
10.85856898,7.361244559,6.861658717,6.221978914,10.14932845,6.715499188,6.291965453,7.169877451
16.52724479,13.4184463,13.41382877,11.72427778,18.71161458,16.39424802,15.15666667,7.558333333
17.35774603,15.07228095,12.93189583,12.24505556,13.56989583,13.34612765,16.40298611,14.91223958
18.39103125,15.91495833,17.04135417,10.72430556,17.65786458,13.74447222,15.75439236,11.58645833
5.3375,6.625907407,7.242801587,9.0098125,10.74583333,5.5275,3.425,10.53333333
9.588080766,7.942170515,6.726119529,5.712779942,10.1238952,5.595541568,6.40392323,7.397638889
9.939739136,7.005279125,7.191013081,5.49567763,6.57187727,5.976832482,5.831096395,5.893222517
11.9678914,11.00765177,11.80608261,11.42395136,23.30403883,26.47522055,23.11092343,15.2789513
8.26875,8.270555556,11.54715278,10.70986111,4.691666667,15.47279514,6.817361111,12.746875
7.65984021,6.443354802,5.862962561,5.291391569,5.725680522,5.395348618,5.959005754,6.448057978
8.226698368,6.453426319,6.607260148,5.053359622,8.640995949,5.845391206,5.378930533,6.60161297
9.151991083,6.146952975,5.67323681,5.413794092,8.286759655,6.542023966,4.933941441,5.562281474
9.722425489,6.810003217,5.846277673,4.737701098,6.99020189,5.294898185,5.550549553,5.512823267
9.74411605,6.391740006,5.701306502,5.803593386,5.319597821,6.668858756,4.823541667,5.163256766
10.22753089,6.715848421,5.608445667,4.735343474,6.853561204,6.03534589,5.756721396,5.774899856
7.355260036,6.274083469,5.475938772,4.648113239,5.632426183,5.307277605,5.337270063,5.951749256
8.656272644,6.091989692,5.530660227,4.667546885,6.59780506,4.845370293,5.139531742,5.923896757
12.01522566,7.35137139,7.676953584,4.623059553,8.140810969,5.873943428,5.982271449,4.782509921
10.22021593,6.66598015,5.636687265,4.698473956,7.559267686,5.692660517,5.111311773,4.534298126
9.552060521,7.420056981,6.167683664,5.165289141,8.256222386,5.68414468,6.731657268,5.492420826
8.688447344,6.468184326,5.882644758,4.811087801,6.670667003,5.573876547,5.277036008,5.24093019
9.005944087,6.243894975,5.035368092,4.717223954,8.421345886,4.945788001,4.791535128,4.862702518
9.322323018,6.77227544,5.476264649,4.636096873,6.90660636,6.184963056,4.857351315,5.539982175
9.405492247,6.616249882,5.715305224,4.81844508,7.014158867,5.569263773,6.072977332,5.14958619
8.610296722,6.075725343,5.624186662,4.949762171,6.397362519,5.218014913,7.064100908,5.315718659
9.296309283,7.682815079,5.341339438,5.252260582,6.795864899,7.24828349,5.061984127,4.129166667
8.556855736,6.681871739,5.902145815,5.283935734,6.589296596,6.278110906,4.806393762,5.368611111
7.479467504,6.30202975,5.365870796,6.013701075,11.96830375,5.382084215,6.420573995,5.756863029
8.956000041,6.271110928,5.625299866,5.299461876,7.079032738,5.941529556,5.710672454,5.721132768
6.28232249,6.208102061,5.221372293,4.852375968,5.448065476,4.959609687,4.777986695,5.567958414
6.959808896,6.455972769,5.529676255,5.383166148,5.571597701,4.946555807,5.599769195,5.759656605
8.617152148,5.936890241,4.851102464,4.814438746,8.105620902,5.065852186,4.783349511,5.639332942
6.707769841,7.686760582,10.36310999,5.477722222,4.892460317,12.06769793,8.346782407,6.462777778
9.174879405,6.413866988,5.295888827,4.880374264,7.197727883,5.644968572,5.250703945,4.71553921
7.49424537,6.969628547,6.879729742,6.116549062,6.520903078,6.483031788,5.989862637,5.805208333
14.1373125,6.996015079,5.990791667,6.020099206,6.501388889,5.064424603,5.923472222,8.591145833
9.843566378,6.722603663,6.780882177,6.2410095,7.785067016,6.75487118,6.481391369,6.169041005
8.934479167,8.431942719,7.115543577,7.960333333,6.26125,9.430968111,9.88409617,16.61854497
11.06439658,9.257643241,10.30731274,9.046684134,9.93828076,11.29133581,10.31327457,12.45934002
9.881944444,12.23752569,17.95988889,7.585069444,7.866666667,11.35524306,6.18125,11.24166667
14.0356746,10.63696473,11.05267875,10.02646296,9.232737193,10.95304305,18.53367477,10.62309028
13.72644129,12.40613715,10.62634792,8.799133089,9.464236111,13.17176051,11.46248862,10.50138889
11.55669442,8.843225417,8.078458791,8.104694444,9.683738426,9.79633664,10.26431052,14.66161458
7.643500015,5.679253472,5.359898286,4.469126568,6.022316045,5.380021425,5.016445963,6.195913218
8.682074075,6.503808569,5.564513335,5.500195767,6.225062693,4.987382778,6.630164141,6.648206019
8.507150281,6.022030379,5.129035418,4.834967713,7.505920227,5.831917771,6.493063933,8.127546506
8.622599206,5.971238889,6.111747558,5.692430556,6.330625,5.35252381,4.961248474,7.559375
7.125,6.616018519,6.389583333,14.03333333,15.60416667,4.75,5.020833333,5.05
8.361369026,6.507255838,6.118338399,5.491231459,10.04479857,6.326030473,5.676984964,6.838863205
9.359926613,6.669713871,5.596684196,6.560440365,7.50211714,8.148924392,6.318522267,5.564893579
12.50281303,9.397754867,10.16947956,7.773336617,9.776792646,11.41925652,10.08751015,12.43677309
10.4000115,8.975854305,8.228087793,7.667117128,7.665024001,7.799150429,9.714207105,8.123876488
8.064531981,5.662521547,5.069739642,5.027579151,7.002764752,6.235375256,5.604546115,5.189375
7.116834603,5.710428216,5.587960301,4.559100809,6.184584146,4.85163323,4.734809028,4.859108018
7.669470408,5.980265836,6.483656659,4.709966025,7.482180673,5.244849849,5.113397481,6.655044627
4.800719577,5.354337806,7.748878066,5.609778543,10.77929315,5.200093077,5.728871775,7.527139357
6.788086339,5.580327531,6.427561546,4.949230059,9.596331952,4.853959163,5.383782967,7.530392838
6.731326841,5.651924339,5.712255952,4.995625,5.628342637,4.847003968,5.266497253,7.993383191
7.568923611,5.737330556,4.525888889,6.073946429,4.667916667,4.316666667,3.773958333,7.689583333
8.228933094,7.214028788,6.075806268,4.427829004,4.901521164,6.373904457,5.335285548,6.757708333
7.27724278,5.641233598,6.157462963,5.044116162,4.089123377,4.79918482,5.439360269,7.442175926
6.127833402,5.386842436,6.502725857,5.185294851,7.903510417,5.360134355,4.614630153,6.820341269
5.549707672,5.618561304,5.902701058,5.083052885,4.627857143,4.643907176,5.218854167,7.915008013
6.517059444,6.350243966,7.195247183,5.336106203,5.184273108,8.010212005,5.360356125,6.48396279
5.397249251,5.243336353,7.490108966,5.387819032,5.205062897,5.077265145,4.814159692,7.079846062
7.138536027,5.48427494,6.36927387,4.271387848,5.741443079,4.523182803,4.652664943,5.529568376
6.488473806,5.411454704,7.449290762,4.931206103,5.60739746,5.029499652,5.016361073,6.219818934
7.882638889,7.144961111,6.904166667,5.297916667,6.244444444,5.787873016,7.609722222,6.321111111
7.589351852,6.006975794,9.841458333,8.467708333,4.67,5.076111111,5.025694444,5.102083333
9.721876984,9.108333333,8.456388889,7.156805556,6.388888889,8.082777778,11.18958333,4.839583333
7.929097183,6.919712338,6.068784392,5.197425926,5.391085526,6.692791667,5.714525463,5.466388889
6.721420184,6.110999918,7.371566153,6.040459788,5.944118306,5.323164041,5.837832633,7.609634074
6.217222222,6.047861111,3.803611111,6.248055556,10.77083333,5.2775,4.083333333,5.593055556
7.904690917,6.420186478,5.535213886,5.295601089,5.806825216,5.429305807,6.104800199,6.683459315
6.68485243,5.375536887,4.891892824,4.435587901,5.545715509,5.224509349,4.482177855,5.931068204
6.048843007,5.347046107,4.662562164,4.238012938,6.06958647,4.528319838,4.945970395,7.237978876
7.42038673,7.609801952,7.944476361,7.633790595,5.798419432,7.379177295,9.083442708,10.1845948
7.315963587,6.682448761,5.840357836,5.123031001,6.735168241,5.358547959,6.308034777,7.547902685
6.735515668,5.614479412,5.443663333,5.047017729,6.888053225,5.554397784,7.20887116,6.5345803
8.032766337,7.03050836,6.359788291,5.563038128,6.67702726,6.67184298,5.956314192,6.594745671
6.582531893,6.151341535,5.832206312,5.275757768,5.522262061,5.143501576,4.623225512,5.740336505
7.321531482,6.396896414,6.242361677,4.314303491,9.949769875,5.105779151,5.084005957,5.501749165
7.179863735,6.426454476,6.492742204,4.556950639,7.20365714,5.906060737,5.360973656,5.588961538
7.215721656,6.302806243,6.877816989,4.380965304,6.993962369,5.514694858,4.976958847,5.958643162
8.296953575,5.827454878,7.060487186,3.821967883,6.661361989,4.901832882,5.582698322,5.90099873
8.939472222,7.899788889,7.158159722,5.729166667,6.658854167,5.328611111,4.727083333,4.930833333
7.899477813,6.468201975,6.033793581,4.76479786,6.439403971,7.10933531,5.783600929,5.515081019
10.26566529,6.932632612,6.863069414,4.832252747,7.047344055,6.013089111,8.628844246,4.797785364
11.65472615,8.196157164,7.091656635,5.686893398,10.15154572,7.622751705,9.165772376,6.848068816
9.098326564,6.808210204,5.929800681,4.972452686,5.825149287,7.593373816,7.953899767,7.30933904
9.255759429,7.487029334,6.464535778,5.196544248,8.325373311,8.177283279,7.406772466,6.281202504
11.49075806,7.664378196,6.947685905,4.970668151,5.991404186,8.418490694,7.729322674,7.331997034
6.942628358,6.798363757,6.371152778,5.247444444,11.76139468,5.555925926,5.824404762,5.381597222
5.971770833,6.330611905,6.39123064,5.538939394,5.403650794,5.715567701,5.57281746,4.466597222
6.013393221,5.828967581,5.520503334,4.462572448,5.649497664,5.550667246,5.01529304,4.668737847
7.073068665,6.646775783,5.902063427,5.18208547,6.133118554,5.940583143,5.963479663,5.947542263
7.191831688,6.552307166,6.229549731,5.063056682,6.346501042,5.722256867,7.635707457,5.418710826
6.959964437,7.804897912,7.102272397,5.343284975,7.073191027,8.092673775,7.313740079,5.592769257
7.606524624,6.746562951,5.794565418,4.413315841,6.344766452,6.155221298,5.919592803,5.161536692
5.550291005,6.801263908,6.193082887,4.723109407,5.693525641,5.125925193,5.876732803,5.21559075
5.719213755,6.877811731,5.953661021,5.415231062,6.29040737,5.183602568,5.353250313,5.498023705
7.317387817,6.796983509,5.934799542,5.011015595,7.407770497,6.044966238,5.957363334,4.906378893
5.384243967,5.80271542,5.3921109,5.023536443,7.392429855,5.267152916,5.354536087,5.349521254
8.890612434,6.424422222,5.653055556,4.589015873,5.28591626,5.453075397,4.826041667,6.455902778
7.777916667,6.732227778,6.109055556,5.162027778,5.375714286,5.463138889,5.883472222,7.904583333
12.07711806,7.483972222,6.402513889,5.046666667,6.069097222,6.779801587,7.590496032,6.260069444
10.48553445,6.204740122,4.233897555,3.941415389,6.858898276,5.119194266,4.385332321,7.896656676
9.367202848,6.687990715,4.499473304,4.070960789,8.587746108,7.682916275,5.213790767,6.866536897
10.3162989,6.86363946,4.535600529,3.859474567,6.319857268,5.717128247,4.576468254,6.547346456
12.55124302,7.1448,5.341873016,6.314930556,6.5846875,9.657535714,5.74537037,8.147916667
11.01890029,7.159004446,5.56670316,4.842515906,7.380430443,5.954885166,5.28337432,7.031204305
8.551736111,10.04604861,8.750076389,7.463376736,6.760416667,4.828993056,6.104861111,2.275
11.06346032,7.237397405,5.37786213,5.475328846,7.4378125,5.531947818,6.11646164,8.058425508
9.262926761,7.687707167,6.480863636,5.426766354,10.79642228,5.947943501,6.17796627,8.503477946
9.772083613,7.609165824,5.002287021,5.040318402,8.23985999,6.192875163,5.034221783,7.670297619
10.76287982,6.849967066,4.608685002,4.017066955,6.242147326,6.113505032,5.633309582,6.768758122
9.881710117,6.313911716,4.291827239,4.576532708,6.5890981,5.041413848,5.167126767,7.667966758
10.09845633,7.370339249,4.827364964,4.832890101,6.39842549,5.419711173,6.071840435,7.999270163
7.502361111,7.517219372,5.319806277,4.541952381,8.120694444,5.27924537,5.6325,7.876666667
8.63558189,9.014277778,5.207083333,4.328888889,8.9625,7.512111111,5.811458333,6.3375
9.381054107,7.908444567,5.835617261,5.265044974,9.719907644,7.74056522,6.30929155,6.746364689
9.211698232,7.180691005,5.93906746,5.114563492,5.330093344,7.567030303,5.158730159,7.544861111
7.6375,13.02159722,6.866666667,8.729166667,15.33239583,6.330555556,7.416666667,6.6
10.36666667,11.454625,10.08333333,14.36572917,3.083333333,5.545833333,6.675,7.308333333
7.551547619,6.633722222,5.330395833,5.348611111,6.036111111,9.803236111,4.981944444,5.613888889
8.941666667,8.416111111,5.552083333,11.66666667,5.802777778,8.916666667,4.316666667,2.133333333
4.904456019,6.101930556,5.524416667,4.832777778,6.105555556,5.332083333,5.320555556,5.037083333
6.219584417,5.372355271,4.933659512,4.965551282,5.182407095,4.795616733,5.237623025,4.182820391
7.068801335,5.503481097,5.563084554,5.197077381,5.129575893,4.480180916,6.031597222,6.174990079
4.800912909,5.196437561,4.859763473,4.380615773,3.294907407,4.237393984,4.92536789,5.391517857
7.676285353,5.697969769,4.911998626,4.209156162,4.984368667,5.211091288,5.215691138,7.287873932
6.633089816,5.184973446,4.72112565,5.030028606,7.99104437,5.581137693,5.031381181,8.515812206
6.503401003,5.259710028,4.790179683,5.304763914,4.71325932,4.767789901,5.41155841,8.818867443
5.951481827,4.794820532,4.706995461,6.148051166,4.862759081,4.5323718,6.943558007,9.047692308
6.426870659,5.128964964,4.363470951,5.223437098,5.026732737,4.182832636,5.148211675,8.923401773
6.796516204,5.266965873,5.404193723,5.59311211,4.51875,4.988038623,5.430998377,9.523507912
5.388647487,4.80456389,4.793335966,5.81855332,3.674016204,4.823054753,5.920267484,10.21962166
9.166696563,6.277877225,5.199910499,4.518356144,6.087564402,4.973008587,4.816070469,5.601957071
9.068348446,5.946233716,4.812809524,4.475099206,6.285483529,4.99246857,4.796942878,4.523178211
4.020833333,4.105555556,3.938888889,7.052777778,6.041666667,4.53,6.575,4.416666667
9.584554473,6.467167598,11.4177381,8.172880952,6.836970656,7.531564845,14.88921299,7.120138889
