13.34055959,0.277,0.35,0.0175,0.000000207,0.355,0.0000103,8.712723937,12.14973663,9.639873742,12.4118357,9.113546115,10.34505542,8.364329429,10.69828107
13.29247971,0.00928,0.52,0.195,0.00000048,0.265,0.0103,8.970169242,11.41999987,10.55435928,11.38472657,7.531297327,8.971012205,6.97878052,9.118636775
26.7060911,0.0352,0.965,0.0000383,0.000000983,0.0000355,0.000049,7.119296146,10.63590675,10.71701188,7.875465252,6.215844156,7.581723485,6.107548868,8.65572868
13.86979809,0.0000267,0.919,0.0000134,0.000000344,0.0000124,0.0811,6.981611466,12.11533153,10.02231116,12.79076864,11.80578299,10.57943659,7.682384571,8.947789877
5.984300591,0.0000782,0.909,0.0000392,0.00000101,0.0907,0.0000503,7.091991925,12.41440898,10.1459453,11.59769978,8.790260633,9.69859924,8.250284152,8.147703216
15.52874484,0.0537,0.735,0.0000307,0.000000789,0.0000284,0.211,7.143321749,13.56514094,9.235539517,11.53271317,7.675990759,10.16922218,7.346968468,8.439088096
12.07558837,0.0000425,0.887,0.0000213,0.000000548,0.0000198,0.113,6.86263494,10.33101487,9.55024059,14.33646821,6.525307765,10.90651291,5.938989554,8.469731789
22.69739912,0.311,0.634,0.0000233,0.000000599,0.0556,0.0000299,7.041320637,12.19539113,9.456861426,12.5311003,7.098191392,10.87661785,6.918921336,8.225240088
9.501414564,0.000019,0.387,0.276,0.000000244,0.337,0.0000122,7.653321253,13.04569348,9.774382807,14.34857124,6.91185571,11.31579082,8.122079155,9.320738927
6.644385947,0.366,0.566,0.0678,0.000000367,0.0000132,0.0000183,7.348598914,14.94989225,8.90211909,11.08662649,13.36615162,7.64295232,7.399197862,10.26483885
8.242451476,0.0000354,0.864,0.0862,0.000000456,0.0498,0.0000227,7.694428672,15.86793775,9.759315222,16.08607735,12.37680363,8.556967049,8.465189021,9.408329045
5.762350638,0.318,0.681,0.000028,0.000000718,0.0000259,0.000529,7.363853472,14.45786596,8.789576017,7.889161195,9.815711806,9.742222222,7.192661871,9.00011655
6.637721957,0.000151,0.786,0.0000756,0.00000194,0.213,0.0000969,8.707559524,13.63870138,8.623194444,8.964027778,11.99619792,8.144791667,8.884980159,7.052083333
10.45649732,0.219,0.533,0.00000831,0.000000213,0.016,0.233,7.772796185,14.4421758,8.422899316,9.761769775,10.49647478,8.309893266,9.646092401,8.325449735
7.017511218,0.000042,0.976,0.0000211,0.000000541,0.0000195,0.0235,7.633080753,15.67729075,8.731658149,9.049150299,17.20193318,9.091259398,7.289023964,10.47437962
10.70034824,0.00948,0.513,0.0495,0.000000404,0.427,0.000576,8.230796551,13.20876159,9.714485354,11.98507491,8.419891328,10.70467519,9.344086294,8.707538495
9.341528988,0.307,0.297,0.0000244,0.000000627,0.396,0.0000313,8.057522217,11.86388228,8.872566543,12.86351575,7.489856151,12.32042583,8.282448359,9.637021911
11.09695307,0.16,0.695,0.0000134,0.000000344,0.145,0.0000172,8.291173041,13.68999249,9.640454195,14.14824792,8.305493226,12.17537416,9.272261837,11.77822268
12.49745582,0.0000477,1,0.0000239,0.000000614,0.0000222,0.0000306,8.086895854,13.60823592,9.41630129,7.736887505,9.628733771,8.909168324,7.76250982,12.09004085
10.60950606,0.246,0.614,0.0000179,0.000000459,0.0505,0.089,8.15511609,13.6076118,9.58501463,8.301560771,8.263867224,9.222393748,7.65992402,9.562264655
20.63716077,0.347,0.554,0.0000146,0.000000375,0.0985,0.0000187,7.463639637,13.52785934,9.118486344,7.941200382,8.795180591,8.188646792,7.153170048,8.862951248
15.09892604,0.0225,0.641,0.0000143,0.000000368,0.147,0.19,8.151793117,12.30626628,10.53721765,9.328855149,7.174604166,9.365116603,7.388679929,9.753950918
16.39250391,0.0000227,0.316,0.0000114,0.000000293,0.0217,0.662,8.024513844,11.70415567,10.17264343,9.980392134,8.16834143,9.998544295,8.117797991,9.675413903
9.161338951,0.0000388,0.931,0.0687,0.0000005,0.000018,0.0000249,8.398433626,11.07279867,11.51801771,7.994371842,8.118827336,9.918876263,7.518381628,8.387514665
9.764503914,0.0149,0.96,0.0000206,0.000000528,0.000019,0.0251,9.084013428,9.459487022,10.26227592,10.33291988,11.86579596,11.7378695,14.51122625,12.13590795
6.567707021,0.00937,0.868,0.0584,0.000000349,0.0000126,0.0637,10.08813348,11.05027441,10.72887568,11.9014098,14.73416776,12.24574554,17.30041837,17.94395216
10.10802904,0.0000322,0.963,0.0000161,0.000000415,0.0373,0.0000207,7.220714793,12.69594149,9.141936599,9.365642992,7.960721075,8.924263273,8.642392902,10.20901317
14.74517823,0.272,0.727,0.0000206,0.000000529,0.000746,0.0000264,5.883719305,11.56453689,6.447460016,14.17775,6.50160672,14.3043089,7.342689225,9.183764534
0.740998244,0.000153,0.256,0.0000767,0.00000197,0.743,0.0000983,7.831875,10.09645833,6.628472222,9.84953125,6.443055556,7.160416667,10.43142361,15.92083333
0.273628361,0.0000231,0.386,0.437,0.000000298,0.177,0.0000148,7.794360305,10.71950814,9.112503995,19.99062619,22.15248264,8.0223305,9.424869193,10.88207542
5.519521774,0.575,0.17,0.00000455,0.000000117,0.254,0.00000583,8.541007533,12.81741399,13.06330237,11.13694172,10.22547543,10.70156746,10.99320551,12.22779612
2.046537538,0.225,0.193,0.00002,0.000000513,0.582,0.0000256,6.532706899,11.20443914,10.31111086,10.78161109,7.693775531,7.207511008,8.428266179,12.18046088
5.659281747,0.0000547,0.924,0.0000274,0.000000704,0.0755,0.0000351,7.202227237,10.87818376,9.617154311,9.113377925,8.847096974,6.19727103,8.791161973,12.75291783
2.751774954,0.521,0.383,0.0000456,0.00000117,0.0957,0.0000584,8.027905556,8.792416667,9.67023082,7.795555556,7.315856481,8.010416667,9.593685516,13.69640625
6.161821474,0.0000557,1,0.000028,0.000000718,0.0000259,0.0000358,7.333882173,14.68249604,8.527961555,8.372423087,9.171445869,7.505794643,9.722348429,8.348726852
11.92435439,0.0000309,0.516,0.25,0.000000399,0.0000144,0.234,8.996374246,18.8932175,11.00794788,11.85677353,14.12151963,9.525073637,9.754373138,9.844272486
18.23201489,0.0000337,0.51,0.0000169,0.000000434,0.0000157,0.49,7.801789795,14.65913007,11.90249032,11.96409354,9.643169467,11.18448071,7.214398351,10.42935569
2.607791321,0.0000372,0.759,0.0727,0.000000479,0.0000173,0.168,9.603682344,19.80424351,9.63779356,10.88901526,10.79646744,10.01782173,9.542011995,10.5371358
4.450393504,0.000033,0.579,0.153,0.000000425,0.166,0.102,8.794427922,14.94160852,10.62217298,11.11935226,8.664283471,10.44439289,7.865226929,10.70098264
5.089089519,0.215,0.553,0.0000175,0.00000045,0.0000162,0.232,9.141945585,18.2308746,8.152420724,9.192326583,12.33939732,11.7545648,9.605128142,11.20560505
13.9013116,0.389,0.542,0.0000305,0.000000783,0.0694,0.000039,9.58364056,19.61298679,9.733529124,9.053046263,9.475967366,10.70182947,10.26835246,10.79450125
4.653791238,0.47,0.44,0.0000129,0.00000033,0.0000119,0.0905,9.725505395,21.36279429,8.221106927,7.776008361,9.852213309,9.205897139,9.501225231,10.30281715
10.41293649,0.0144,0.98,0.0000173,0.000000444,0.000016,0.00551,7.60615227,15.67188144,8.917093987,9.610506927,8.655856647,9.350561312,7.933165944,8.806388173
3.291946409,0.0000597,0.911,0.0000299,0.000000769,0.0000277,0.0888,7.355297135,14.70243716,8.79229433,10.187395,8.001030839,11.3347287,7.425308367,8.724216287
6.188531292,0.000041,0.0274,0.0000206,0.000000528,0.0359,0.937,7.528974892,13.50129167,9.299543626,11.67409722,6.804166667,9.600810185,9.807345238,9.636527778
1.710219219,0.000334,0.999,0.000167,0.0000043,0.000155,0.000214,8.76411039,16.50420538,8.655555864,9.635609568,15.44840278,8.943785173,14.6262128,11.567112
13.00530707,0.000149,0.0401,0.0000747,0.00000192,0.724,0.236,7.410622651,10.67048611,7.277241751,10.80833617,7.068888889,10.4871131,9.507845598,8.666053344
16.32081915,0.0751,0.0476,0.00155,0.00000214,0.873,0.00304,6.933619427,14.42774405,8.267402426,13.74635736,13.88519559,15.58192926,17.11031262,17.53640298
4.68601575,0.0000425,0.843,0.09,0.000000548,0.0493,0.0177,7.2235464,15.88238103,7.09650802,8.891878299,13.91026675,7.329406145,8.666775182,10.0997452
4.408767868,0.662,0.338,0.0000567,0.00000146,0.0000525,0.0000726,9.547372812,17.98929762,9.325138167,9.164603175,12.55138889,9.721805556,11.29999145,10.17097222
3.98071589,0.211,0.0108,0.0000189,0.000000485,0.0000175,0.778,7.349197332,13.77880123,8.562593992,11.1163028,8.251944444,9.943176926,7.714592091,8.764541246
16.80265203,0.0000677,0.868,0.000034,0.000000872,0.0000314,0.132,6.514027938,12.96311297,7.756034012,9.663932754,9.582796579,14.48062897,9.616738779,14.73990825
19.06434853,0.0656,0.934,0.0000629,0.00000162,0.0000583,0.0000806,7.467433206,12.913767,8.207593842,9.981556365,7.291742309,10.49364577,7.377112299,8.795680623
17.97761721,0.351,0.406,0.000027,0.000000694,0.000025,0.244,6.714422217,12.78040748,7.44806836,9.472646472,7.12407695,13.67411333,9.439668729,8.210755773
20.51254526,0.0000405,0.895,0.0000203,0.000000521,0.0544,0.0502,6.493703732,11.98154999,9.366488721,12.49435806,10.2829861,11.85261833,8.528567497,11.06792054
21.32264051,0.0177,0.214,0.111,0.00000066,0.526,0.132,6.71584351,11.14487926,9.821246032,10.0873395,10.8777438,12.25595116,7.436025711,10.34587322
10.62635782,0.313,0.531,0.0000122,0.000000314,0.0000113,0.157,7.367956978,11.56559113,7.90581384,14.18062802,9.656076185,7.874935741,8.531694831,10.27639189
9.443204176,0.0000608,1,0.0000305,0.000000783,0.0000283,0.0000391,7.649819655,16.44204297,9.353667387,8.826036998,9.595883941,9.048212511,7.90963919,9.324318367
21.95824768,0.681,0.21,0.109,0.000000726,0.0000262,0.0000362,6.569711472,12.99001229,9.333915183,10.59417773,10.68600626,10.09727286,6.42146593,8.739112103
15.40298174,0.257,0.562,0.0000107,0.000000274,0.00000987,0.181,6.572138098,11.38834998,9.860482084,11.95427315,8.126743989,8.678467288,6.24390098,7.868599743
10.25067332,0.0000434,0.129,0.0000218,0.000000559,0.0000202,0.871,6.134661564,12.56033968,9.106427217,13.86698208,11.1065625,10.18173678,5.806358745,8.849249323
12.65988146,0.000031,0.673,0.0000155,0.000000399,0.0000144,0.327,7.453762231,12.64873794,10.35713159,12.63464468,7.696401331,11.90443834,7.182007627,9.018840068
11.01502962,0.0706,0.401,0.0000783,0.00000201,0.25,0.278,7.539855859,10.45608452,10.34656078,14.32182512,7.917645636,12.48597079,6.817860642,9.552357074
7.886626801,0.0248,0.00463,0.000000812,0.971,0.000000752,0.00000104,7.92991051,16.61044325,10.03518954,9.640167139,7.914837327,11.75889876,7.610602272,11.87534662
10.28509108,0.153,0.452,0.159,0.00000016,0.000116,0.236,7.477618705,15.87388563,9.265030107,10.60421949,9.779187609,10.52492799,7.497286478,9.723423981
8.602185156,0.0000291,0.719,0.0000146,0.000000375,0.0417,0.239,8.086519985,15.53352544,9.241926881,9.069993011,11.16517595,9.702746617,8.162136683,9.521026711
8.373936409,0.000422,0.966,0.0000215,0.000000552,0.0000199,0.0334,7.831468845,16.18646749,9.082873677,7.543152677,9.42504451,8.306659301,7.260027864,8.890885746
7.225745694,0.000244,0.415,0.265,0.000000319,0.0255,0.294,7.914165931,13.71793879,8.805818615,8.282636331,8.34663593,9.765237513,7.537040232,10.96672385
6.163913658,0.00839,0.751,0.0545,0.000000259,0.00000935,0.186,7.727237719,16.83553353,8.339677808,7.656442837,8.427241103,9.158191029,8.32743459,9.88685006
0,0.0934,0.223,0.489,0.000000187,0.00000674,0.195,7.652711081,15.22002873,10.72942652,7.554740036,8.831452448,9.175162953,7.747038083,10.08819164
4.257239106,0.00105,0.507,0.328,0.000000214,0.00000772,0.164,8.067162163,13.95545356,11.51595976,8.588583218,8.282695125,9.353287332,7.451452724,9.965011157
0,0.0409,0.613,0.346,0.00000124,0.0000446,0.0000617,7.889089433,14.11928267,9.11321813,6.30285023,8.38048544,8.029514273,8.467126343,11.38885056
8.26921604,0.0000789,0.312,0.688,0.00000102,0.0000367,0.0000507,7.625094293,14.49653661,11.06914553,8.921651344,8.206324405,10.16840413,6.904912565,9.872296447
1.773830376,0.184,0.234,0.512,0.000000408,0.0000147,0.0704,9.678417997,17.78304325,9.473208196,7.710501804,10.22664341,8.415094611,8.91019211,11.54820853
8.515027448,0.129,0.114,0.304,0.000000287,0.0469,0.406,8.859853463,16.61072527,9.926160907,7.991099988,11.20063814,9.119099378,8.989024137,10.89645454
7.887771115,0.153,0.321,0.526,0.000000338,0.0000122,0.0000169,9.301614353,16.93077374,10.08100042,9.089743248,10.99333119,10.26741319,9.267950231,12.11066288
13.94507479,0.0000564,0.194,0.464,0.000000727,0.0000262,0.342,8.278524269,12.9794213,12.74911639,10.27864646,7.663646442,9.079515663,9.414393444,11.0072601
5.688314767,0.000022,0.357,0.553,0.000000283,0.0554,0.0346,7.483715548,14.05287738,12.91577097,9.3421039,8.359807692,8.858913936,8.853950245,10.83891071
10.7233829,0.0000177,0.344,0.632,0.000000227,0.0236,0.0000113,8.871045363,15.54246204,12.95549509,7.561108176,9.385058081,8.535496575,8.034863674,11.93748843
16.8861593,0.483,0.000324,0.517,0.00000111,0.0000401,0.0000555,7.805430429,12.16069213,11.0475797,6.931037241,6.916220238,7.714338173,7.150825397,7.450219456
12.64564662,0.797,0.00052,0.202,0.00000178,0.0000644,0.000089,7.443805556,20.0740625,8.292708333,4.476388889,7.65,8.639583333,8.666666667,9.017361111
0.404552244,0.000026,0.2,0.711,0.000000334,0.0887,0.0000167,8.638923874,15.0727491,10.75067478,6.406122493,9.967198163,9.044008104,8.290381485,9.887608153
0,0.0000562,0.261,0.647,0.000000723,0.0557,0.0363,7.876028113,13.69462077,10.60249691,7.295447708,8.337588111,9.622707667,7.282111904,9.46877427
1.332794465,0.997,0.00249,0.0000412,0.00000106,0.0000381,0.0000527,10.57245476,14.32487103,9.397948834,9.952853175,12.72383681,8.861259921,8.685712963,10.39020833
5.709811707,0.355,0.234,0.308,0.000000792,0.0000286,0.103,8.80970351,14.5096684,7.380491118,9.035449939,8.294836724,9.15926452,10.12028169,9.670679161
4.164630335,0.000119,0.628,0.259,0.00000154,0.0000555,0.113,8.08859844,14.56664954,8.927084055,8.272075886,9.254077381,10.0329247,7.230318578,10.7530859
4.10128454,0.219,0.49,0.0000175,0.00000045,0.0000162,0.291,8.205301942,16.6002917,7.585952585,11.6607624,10.82662695,10.98224226,9.120002772,10.64561843
6.773138901,0.0359,0.44,0.0000423,0.00000109,0.104,0.421,8.427010833,12.21487442,7.491267839,9.01970991,8.567013889,9.605226523,8.315331204,9.437774959
5.092525807,0.0363,0.296,0.459,0.00000106,0.209,0.0000527,8.980223214,14.78388202,8.863495967,13.78003677,10.67114049,12.30155303,7.545431397,9.979976852
5.746034373,0.52,0.225,0.255,0.000000984,0.0000355,0.0000491,7.811981711,14.8510434,7.515296537,12.86145654,7.44735119,11.34668561,6.647820106,9.770122631
9.195639935,0.29,0.219,0.148,0.000000464,0.0000167,0.343,8.311998101,15.09245031,7.599037439,9.779996231,8.477929666,12.72148842,8.945828997,11.63600907
11.55162514,0.309,0.45,0.192,0.000000663,0.0000239,0.0488,9.209066809,16.72428116,8.418999391,9.162628147,10.37566116,10.99870874,11.3017446,11.34990997
3.113582257,0.518,0.000316,0.481,0.00000109,0.0000392,0.0000542,8.742360414,10.05694155,9.13025759,9.630156174,7.847916667,7.884755645,7.861626984,15.20744963
7.552103559,0.000127,0.552,0.448,0.00000163,0.0000589,0.0000814,6.785641754,13.72526859,9.863614418,9.615157801,7.373420081,8.949814815,7.178173062,12.2866758
5.875078349,0.000027,0.81,0.112,0.000000347,0.0000125,0.0778,6.403976064,15.89905655,10.00580535,12.00685826,8.029016668,8.674419307,6.972286272,10.88724665
18.45247651,0.734,0.0974,0.000061,0.00000157,0.0000565,0.168,6.021259322,14.90615741,8.049013189,10.95636279,6.604166667,11.80222222,5.602957672,10.0566718
7.434132619,0.498,0.413,0.0000371,0.000000951,0.0000343,0.089,6.565811129,11.88862924,8.068966157,12.72774997,6.83191365,10.96584616,9.267656697,11.48165909
14.10458879,0.456,0.241,0.097,0.00000048,0.0000173,0.206,6.555515092,12.77373757,10.1638727,11.79266269,8.147903887,9.380886019,7.540271616,8.600318366
13.50450038,0.906,0.094,0.0000184,0.000000473,0.000017,0.0000236,8.057815071,16.20557578,7.892647554,8.341607001,15.6365128,8.22501462,8.734542428,8.878431818
14.34803373,0.0479,0.917,0.0000266,0.000000682,0.0000246,0.0347,6.90618059,13.52990484,6.950514537,8.941309881,9.746827055,9.366556874,9.070430199,11.28520806
5.524994177,0.101,0.189,0.000023,0.000000591,0.0877,0.622,7.314475165,13.05920307,9.459726977,14.44086074,10.0299436,12.39650974,6.501356562,10.06388882
7.409435676,0.0000218,0.461,0.0000109,0.00000028,0.0000101,0.539,6.669026492,11.26039871,10.77812462,13.62366122,9.560808165,9.215321336,6.49900914,8.470450778
9.988728787,0.237,0.661,0.00000652,0.000000168,0.0121,0.09,6.877244117,12.40954742,9.95646011,13.292191,11.33019737,10.55196356,7.676451343,9.196997262
5.538673597,0.136,0.864,0.000368,0.00000026,0.00000939,0.000013,7.484141711,12.2096453,10.04595632,11.42060882,9.629792071,10.04158509,6.30184242,8.858233203
5.945732929,0.033,0.967,0.0000322,0.000000826,0.0000298,0.0000412,7.618726724,13.50094281,10.63572894,11.43188496,7.99363586,11.66553883,7.92695263,10.54182275
2.255526686,0.174,0.826,0.000091,0.00000234,0.0000843,0.000117,6.751325916,13.22286208,10.1405625,11.12469444,11.62073495,8.033680556,9.614825126,11.79861111
9.495003107,0.294,0.618,0.0413,0.000000282,0.0000102,0.0463,6.28618829,11.68271035,10.24535812,11.41160944,9.261472444,8.815656153,6.225220685,9.118286379
6.07980747,0.433,0.408,0.000031,0.000000797,0.0701,0.0893,8.157894967,15.16665998,10.80156184,11.62161798,14.25165701,9.317913529,9.321583335,10.01467499
7.086527622,0.000095,0.63,0.0000477,0.00000122,0.0000442,0.37,7.031407945,13.33708091,10.23209418,13.44688155,7.178343531,10.03839286,6.442593923,8.490936919
4.853169576,0.71,0.29,0.000057,0.00000146,0.0000528,0.0000731,7.447926455,14.09661806,7.901760913,11.03145833,12.54119792,7.08452381,6.530833333,10.2617922
1.943557393,0.000327,0.392,0.608,0.00000421,0.000152,0.00021,7.227605556,26.598125,12.33494544,10.19011111,22.83401042,9.005833333,10.6173125,11.24097222
4.089657184,0.0000961,0.369,0.63,0.00000124,0.0000447,0.0000618,7.451569841,16.19698785,10.99254371,10.62887996,16.41572917,7.953263889,8.352960317,11.81349206
9.252987984,0.00000173,0.00000651,0.000000871,1,0.000000806,0.00000112,8.989674603,17.8987629,9.359156746,7.629,13.77661458,8.128819444,12.32157684,11.07802579
7.503306067,0.0299,0.848,0.0643,0.000000435,0.0000157,0.058,9.095980299,19.94624399,8.772791291,7.941758136,12.02503921,8.575914903,9.114743543,11.70477762
6.806681856,0.0000791,1,0.0000397,0.00000102,0.0000367,0.0000508,8.851615265,19.67495548,8.929743597,9.556393351,10.42754391,9.15415657,10.35221378,10.81512645
7.221289176,0.351,0.598,0.0000279,0.000000715,0.0506,0.0000357,7.175233871,16.10386982,9.320123843,11.89295212,11.60128648,8.95475436,7.150501439,10.48429194
0.91866901,0.000173,1,0.000087,0.00000223,0.0000806,0.000111,6.118835451,5.53700659,6.381219692,9.138541474,18.22959077,15.84529793,17.19864407,8.922270247
8.588199004,0.267,0.716,0.0000223,0.000000571,0.0000206,0.0161,8.217759296,7.021161805,6.684818142,8.059586452,9.202814158,11.24663521,16.20569019,13.91848585
7.058501381,0.918,0.0000571,0.0731,0.000000196,0.00891,0.00000979,8.431942719,8.934479167,7.115543577,7.960333333,6.26125,16.61854497,9.430968111,9.88409617
12.46794816,0.137,0.378,0.0395,0.000000308,0.0216,0.424,9.257643241,11.06439658,10.30731274,9.046684134,9.93828076,12.45934002,11.29133581,10.31327457
5.862768225,0.000166,0.69,0.0000833,0.00000214,0.0000771,0.31,8.843225417,11.55669442,8.078458791,8.104694444,9.683738426,14.66161458,9.79633664,10.26431052
4.101376216,0.0000418,0.616,0.367,0.000000538,0.0000194,0.0178,9.397754867,12.50281303,10.16947956,7.773336617,9.776792646,12.43677309,11.41925652,10.08751015
