6.319304783,0.0000748,0.643,0.0000375,0.000000963,0.357,0.0000481,8.360114678,8.059911147,10.86833868,14.46942144,8.378980875,16.24799341,7.93148188,8.475164216
12.4094394,0.000063,0.78,0.0000316,0.000000812,0.22,0.0000405,7.019239015,7.190578028,13.38789753,13.68295513,5.821323954,11.80773073,5.974841137,7.60571201
10.22746734,0.725,0.0738,0.00000561,0.000000144,0.0134,0.188,7.681827239,8.815884929,13.89052292,16.01631862,6.383026664,14.25827891,6.895614268,8.961991322
11.72086439,0.0000394,0.825,0.0000198,0.000000508,0.175,0.0000253,7.188029393,7.904108011,11.72539451,12.89043669,6.318917392,10.83352337,6.963889889,8.426325516
9.525514085,0.246,0.659,0.0000214,0.000000548,0.0942,0.0000274,9.42523317,7.915728088,12.0288096,14.86378214,5.58005497,11.90739894,8.377559725,10.26833788
16.53439918,0.173,0.65,0.102,0.00000038,0.0746,0.0000189,8.005520825,6.833023934,11.15175437,13.49081313,6.758647855,8.67450975,6.614128713,9.686720395
1.911103581,0.166,0.287,0.00000732,0.000000188,0.547,0.00000937,9.191018318,8.836879064,11.39304187,13.51501964,6.353957163,11.49482406,10.24241574,10.6476695
4.769508899,0.0000424,0.544,0.0675,0.000000546,0.388,0.0000272,7.615437307,6.202790945,10.65802062,11.80441346,6.096714015,8.08272096,7.708290449,8.116805556
9.650075999,0.0000274,0.773,0.0000137,0.000000353,0.227,0.0000176,7.366891797,9.776487447,11.63973864,11.70691071,8.983645807,8.940291306,9.280254544,8.351682649
17.62044415,0.0000395,0.947,0.0000198,0.000000508,0.0528,0.0000254,6.579145586,8.018222767,10.83552521,9.962948954,6.431249438,8.112209082,5.887520478,7.400167134
14.91328334,0.199,0.722,0.0000154,0.000000396,0.043,0.0362,6.783929331,7.909755149,10.92069912,10.6566403,7.29390886,8.027518415,7.567634259,7.149822549
2.906330783,0.000085,0.524,0.155,0.0000011,0.321,0.0000546,8.349031622,8.44734037,13.06121898,12.27503948,6.144881997,11.3708664,8.468504042,9.031818182
4.8261743,0.00493,0.59,0.0000116,0.000000297,0.0875,0.317,7.113929385,7.429277977,13.24462458,13.78096126,7.06243671,12.84310395,7.763355266,14.35496165
3.451327652,0.0000572,0.916,0.0000287,0.000000737,0.0841,0.0000368,7.332548754,8.037276327,12.45602861,13.78572343,6.77090283,10.55437063,10.32280252,7.817302874
6.68667196,0.02,0.505,0.0000246,0.000000632,0.434,0.0409,7.233266317,8.575845107,12.95458224,12.60822633,13.01769562,11.77819444,10.8224916,8.940486289
11.1366462,0.221,0.399,0.0000178,0.000000457,0.0374,0.342,6.865886468,7.420985276,12.20704422,12.71275342,11.81249421,8.543437369,6.059307837,8.560411639
10.17713181,0.0189,0.148,0.0000296,0.00000076,0.0000274,0.833,6.581936484,8.529942747,11.31553804,11.73153824,7.123656401,9.148455293,6.998377869,6.696673012
12.02078338,0.0123,0.368,0.0000205,0.000000526,0.101,0.518,6.98710753,7.930562059,11.64375473,12.75823106,5.520833333,11.01257937,6.263385958,8.513094554
13.51764165,0.000057,0.898,0.0000286,0.000000734,0.101,0.0000366,7.539804544,8.580146909,12.90647433,10.79953008,5.821058455,9.235096782,6.308442653,8.189582881
10.4623951,0.000156,0.827,0.00146,0.00000201,0.17,0.00148,8.36387605,9.188608218,14.40527255,11.61658706,6.869097222,9.864583333,6.365791005,8.28125
5.289515907,0.0000908,0.748,0.158,0.00000117,0.0941,0.0000584,7.939854239,7.862291084,11.31127841,12.84246189,5.891217949,9.532732684,7.129528065,8.896113782
10.31972047,0.468,0.185,0.00004,0.00000103,0.167,0.181,8.006177856,9.610340278,15.60708883,13.47492725,5.276388889,16.33008681,7.913722222,7.941041667
11.73268787,0.159,0.818,0.0000136,0.00000035,0.0000126,0.0231,8.290994876,8.568549707,12.41821812,10.25445927,5.451103178,8.392347415,8.520453048,7.322023682
12.08661264,0.0000413,0.954,0.0000207,0.000000532,0.0457,0.0000265,7.282891564,7.86767704,11.51306718,11.01085312,4.948540404,8.157043981,5.535492353,6.461114117
8.55203427,0.0000306,0.601,0.053,0.000000394,0.288,0.0577,9.115251072,10.60622577,12.41255976,15.63865763,7.16517154,10.99509965,7.330267214,8.755629796
8.885020987,0.185,0.666,0.0000141,0.000000361,0.149,0.000018,8.04748447,10.50300415,12.08972378,14.15085009,7.808333579,12.03880348,7.255760677,10.51946873
3.407595479,0.0000639,0.583,0.000032,0.000000823,0.417,0.0000411,8.241518618,9.825069224,11.00198942,11.00262097,6.61003343,12.31421654,7.159291364,8.963971845
11.51683057,0.321,0.431,0.118,0.000000689,0.13,0.0000344,8.454443689,10.23392338,11.35549111,13.06433484,11.58607887,11.91159314,7.498132839,8.652624459
16.31763422,0.199,0.8,0.0000162,0.000000416,0.000015,0.000879,7.219871962,10.60132775,11.02090467,14.01248955,11.60253167,13.04386246,7.759913932,8.246140996
5.292808953,0.0000412,0.851,0.0000207,0.000000531,0.149,0.0000265,7.519111723,11.08684561,12.19353013,14.05328782,6.227186147,11.4464998,9.014955908,9.361550457
8.256916494,0.158,0.486,0.0000144,0.000000369,0.356,0.0000184,8.445493227,10.90351176,11.24156497,14.16221198,8.592572751,13.1697238,7.700862158,9.645722456
4.505665989,0.0000219,0.405,0.0273,0.000000282,0.568,0.0000141,9.109717713,11.07255346,11.20180951,15.77551849,7.418174962,13.54574814,9.301214077,11.08874926
5.978502137,0.0117,0.877,0.0000153,0.000000394,0.0428,0.0687,9.217751612,10.3534747,11.10802441,12.68410008,11.99659754,11.1493662,8.486101994,11.00540354
13.00337135,0.000027,0.724,0.0525,0.000000347,0.113,0.11,10.30844573,10.11031854,12.00556022,17.67258371,7.232018785,14.81248926,9.973782946,12.32005783
13.34424859,0.174,0.27,0.00000726,0.000000186,0.556,0.0000093,8.638225813,10.89761025,12.06139584,12.60864475,6.130042144,11.81023734,8.632564115,10.64721965
8.269293587,0.211,0.462,0.0000085,0.000000218,0.327,0.0000109,7.434052886,7.65717455,10.87727104,12.62155818,5.423794305,12.29339674,8.253259834,10.02745658
4.382028717,0.215,0.259,0.0000161,0.000000414,0.159,0.367,8.001723336,8.109720784,9.926148332,16.03142653,5.508910534,14.92367246,10.60381156,12.41213971
7.866244789,0.275,0.499,0.0000198,0.000000507,0.226,0.0000253,7.812193915,9.748017043,10.61501984,9.808482143,8.495833333,9.659414683,8.680817537,7.021473214
9.273668097,0.026,0.81,0.0000313,0.000000802,0.164,0.00004,7.797075601,7.798149998,12.18242477,10.1437975,10.04571181,8.970350279,7.65298324,8.24022792
16.62504325,0.000242,0.997,0.000121,0.00000312,0.00226,0.000156,7.319397116,8.553125731,10.67212302,8.493625,6.767427624,7.153824405,5.194035354,12.13877894
5.754106729,0.000589,0.0387,0.000296,0.00000759,0.96,0.000379,7.816083333,6.965972222,11.68822222,8.844833333,5.146666667,8.00125,7.967666667,6.570763889
1.191960167,0.000529,0.00198,0.000265,0.00000681,0.997,0.00034,6.381,5.116666667,11.95243056,12.85833333,6.091666667,8.083333333,4.2235,4.6953125
7.399658054,0.206,0.672,0.0000148,0.00000038,0.0000137,0.122,6.077623958,12.04449627,8.244001442,16.29028591,6.847661178,6.858775974,6.835945767,8.054006218
5.291086343,0.126,0.318,0.0874,0.000000147,0.468,0.00000732,6.404187869,8.092938369,10.68768247,11.93810073,6.347298511,8.085001031,7.226760052,11.60099309
17.39574049,0.0000346,0.722,0.000323,0.000000445,0.0000161,0.278,5.19346595,7.717952751,8.555594635,16.76768008,5.27947717,9.372293859,5.854017005,8.970096118
17.72703027,0.0000471,0.937,0.00169,0.000000607,0.0613,0.0000303,5.680703058,8.061899144,9.6955856,19.17738585,6.633831898,11.5453062,6.57202111,18.50505985
28.20390214,0.123,0.213,0.382,0.000000213,0.0945,0.188,5.390991298,6.116706276,9.107191225,19.60474948,4.620198413,10.75096995,5.869119831,9.136994699
9.921876812,0.205,0.396,0.292,0.000000402,0.0331,0.0743,6.06265946,10.91513715,8.358790031,18.4590316,6.816239653,7.789420546,6.901589312,8.089997822
10.10907274,0.198,0.734,0.0687,0.000000444,0.000016,0.0000222,5.772469469,9.693612184,8.411732889,20.97802888,8.90186138,6.711683005,5.446543459,8.189780998
5.428656703,0.0000406,0.773,0.227,0.000000523,0.0000189,0.0000261,6.07035534,10.17172478,8.747405595,18.80896894,8.11665161,8.812259793,8.991976161,9.40100143
16.40142736,0.221,0.638,0.0824,0.000000439,0.0000158,0.0583,5.627826545,7.947864534,8.756381302,23.11892396,7.000119155,12.2786271,8.600235074,10.81947506
11.66285743,0.0000484,0.886,0.0000243,0.000000623,0.0000225,0.114,6.146343024,7.505866012,9.604492138,18.15162912,8.790522563,8.967725742,5.771172061,9.967081062
5.744819096,0.0489,0.95,0.0000485,0.00000125,0.0000449,0.000918,6.544011979,8.210974868,9.323837185,15.16995256,6.186826599,8.346279461,7.606770403,8.811690566
2.204755811,0.000039,0.000146,0.0000195,0.000000502,1,0.000025,7.495752722,7.402083333,11.52768121,8.016805556,6.618125,6.615625,11.10329609,14.99537737
12.18278849,0.384,0.556,0.0000323,0.000000829,0.0000299,0.0593,7.40590085,8.664681386,13.21026279,9.710538781,9.21750834,8.924053819,9.253557641,16.21374883
10.57725807,0.73,0.239,0.0000197,0.000000505,0.0312,0.0000252,6.24974252,7.871656332,10.89164343,10.07925,6.080462963,8.600892857,6.767968299,13.90850376
8.828705104,0.024,0.371,0.605,0.000000742,0.0000268,0.000037,5.183667899,7.684446261,7.17587595,20.00265419,6.489723558,12.49540893,6.199585282,9.880010407
20.44167117,0.461,0.000137,0.0000183,0.000000469,0.0245,0.514,6.253187613,9.402708333,7.382736409,18.72309918,11.91855903,13.46129403,7.616061591,10.20528471
9.721587881,0.0000193,0.358,0.00000968,0.000000249,0.00000897,0.642,8.463699581,13.28142807,11.28493265,16.20631857,8.705561592,13.04212056,6.817129902,9.812565619
8.820458565,0.0000225,0.516,0.0000113,0.00000029,0.0000105,0.484,7.242309273,11.42040481,10.33499889,16.60523599,7.847056216,14.93882607,6.803053677,12.14191415
9.232769404,0.104,0.405,0.0335,0.000000225,0.0113,0.446,8.410941581,10.27886362,12.39047786,14.86460936,10.94519643,11.94831482,6.052788012,8.914321504
13.65546669,0.000021,0.615,0.0000105,0.000000271,0.368,0.0173,7.618180415,10.30936736,12.10463548,15.5869106,5.863463196,11.97191768,5.696426471,8.519910773
10.56410571,0.0000249,0.461,0.0000125,0.000000321,0.0221,0.517,8.682806424,10.41808278,12.90253113,15.40136766,7.068119913,13.03075401,7.985056594,9.914201685
21.77214255,0.0000461,0.245,0.42,0.000000594,0.0000214,0.335,7.904298029,11.31060001,12.70206474,14.5764649,6.453677399,12.02646742,6.054078395,10.09789694
8.057601481,0.0000244,0.262,0.0000122,0.000000314,0.0000113,0.738,7.35261324,11.11681266,11.72997868,13.75724819,7.293016822,10.86046268,6.149718817,9.090708344
14.98680147,0.426,0.0479,0.232,0.000000901,0.0000325,0.294,7.721027309,9.161958333,12.87864277,14.66711049,10.10092014,10.55616432,5.426758598,12.45265625
20.72675124,0.000053,0.732,0.197,0.000000683,0.07,0.000504,7.640667894,8.871564242,13.55613856,10.72207203,10.78910714,12.61132895,8.229347429,9.410731074
17.8873865,0.144,0.0723,0.0000106,0.000000271,0.0168,0.766,7.594576698,8.667824351,13.7144591,13.05080719,15.71719197,11.71985822,5.947668439,9.206377156
12.36209708,0.0015,0.261,0.0000119,0.000000306,0.000011,0.737,8.052703708,10.22397588,14.88027007,12.4174308,16.22161458,11.21756485,7.250453167,9.588360923
13.21601182,0.0000551,0.276,0.0000277,0.00000071,0.0000256,0.724,8.845817828,11.3232074,13.67167893,13.20781709,8.299275794,11.76321457,7.536109684,9.790230947
14.79287247,0.0000208,0.795,0.0000105,0.000000269,0.00000969,0.205,9.332241543,11.52236735,13.15354815,12.41805632,8.303544207,10.35946776,8.480462949,10.42139085
43.39870577,0.000105,0.317,0.491,0.00000135,0.0000486,0.192,7.654548599,13.22534028,13.2128083,14.79268112,5.847800926,13.87729938,5.925638944,9.807168803
11.44381454,0.519,0.33,0.0000137,0.000000352,0.0000127,0.151,6.241287629,10.01870002,8.595788114,25.38039461,6.388490212,11.63834955,7.333943919,10.90069259
4.041745117,0.0000139,0.051,0.935,0.000000179,0.00000645,0.0144,5.368116619,9.191073371,10.09164784,19.86679006,9.745824061,11.16994967,7.853844657,10.46769455
6.44687389,0.135,0.215,0.549,0.000000205,0.0436,0.0577,5.440550045,9.015945913,11.67340909,19.07513912,7.932687327,9.883820755,5.405233386,11.85843721
10.9737882,0.000048,0.72,0.28,0.000000618,0.0000223,0.0000308,6.508010302,11.94050181,11.66181583,15.0999987,8.838325369,8.648164148,6.651301325,10.71164365
19.93457903,0.00749,0.301,0.0000192,0.000000493,0.0000178,0.692,5.665698565,10.33540124,8.212199441,19.58528341,8.852504283,10.83053612,6.252696091,9.595065662
27.60443932,0.15,0.0281,0.0638,0.000000306,0.0000111,0.758,5.040767513,8.523837553,7.169583569,18.50864863,7.638056453,9.522258703,5.914929287,9.243385118
24.8162113,0.000106,0.487,0.000053,0.00000136,0.0000491,0.513,6.970391165,12.38565088,11.47209684,14.05836258,5.66068109,11.54097348,7.17999471,9.551072509
11.89338037,0.234,0.661,0.0000195,0.000000502,0.0000181,0.105,8.374795263,10.9266722,14.85292861,14.56535161,12.578757,12.39705379,7.294549672,10.72295747
19.91678629,0.000169,0.752,0.0000846,0.00000217,0.248,0.000108,8.224857646,11.9882111,15.60360814,14.34568971,6.755290033,16.39063831,6.521216546,10.90479828
12.3115535,0.0752,0.253,0.00000662,0.00000017,0.00421,0.668,7.359716172,9.305829271,13.71874586,15.14917293,11.60636231,11.80843834,6.570746966,8.975983705
13.20762045,0.000938,0.522,0.0000478,0.00000123,0.0000442,0.477,8.562572659,11.05981199,12.99795471,13.41654572,7.177061075,11.46797991,7.413555802,9.427692901
9.697619729,0.0000344,0.851,0.0000172,0.000000443,0.000016,0.149,9.812831454,13.96598557,12.24226503,14.89576501,7.016051823,12.4006411,6.222065376,9.374718513
6.591850421,0.413,0.181,0.405,0.000000909,0.0000328,0.0000453,5.230884198,6.943859127,10.5576529,16.53381815,4.252291667,8.877446862,5.239271007,9.222668651
1.761578318,0.016,0.116,0.00003,0.000000771,0.868,0.0000385,6.467167598,9.584554473,11.4177381,8.172880952,6.836970656,7.120138889,7.531564845,14.88921299
