19.4324245,0.0212,0.81,0.116,0.000000641,0.0000231,0.0534,6.02121183,8.24705992,9.205084687,8.685575954,5.744858059,6.942537879,5.458238196,7.220595813
5.812784241,0.0000722,0.271,0.0000362,0.00000093,0.729,0.0000464,6.67856136,10.05356154,8.992856181,8.236126651,5.677649573,6.127777778,5.534592558,5.944057239
10.98351165,0.429,0.523,0.0000117,0.000000301,0.0486,0.000015,7.218341141,7.424516576,7.992988973,6.406659297,5.559532265,7.248081099,6.485786254,7.909957967
11.83286479,0.902,0.0606,0.036,0.000000152,0.00157,0.00000758,7.200155236,8.516000198,7.620447872,5.166114725,5.986190974,6.284968915,6.226943122,7.114787356
20.41426963,0.0505,0.412,0.538,0.00000131,0.0000473,0.0000654,6.601238538,8.650030404,7.022884939,6.352065698,6.498680296,8.379659091,8.085655271,7.539302646
8.851807832,0.196,0.69,0.114,0.000000364,0.0000131,0.000268,7.216618889,10.09328886,8.244012374,6.296361874,6.526990661,6.932059524,7.409418228,7.761857674
16.91969628,0.483,0.423,0.0000202,0.00000052,0.0932,0.0000259,6.524377691,8.777831155,8.291825272,8.07545328,6.446256614,7.675798611,5.792057773,7.039026703
9.889689136,0.0000542,0.956,0.0000272,0.000000699,0.0000252,0.0442,6.548387829,6.807294771,7.623227654,7.448296443,4.798610155,7.692280036,4.901026986,6.762178854
17.66080233,0.151,0.792,0.0000114,0.000000294,0.0569,0.0000146,7.255368019,10.82762115,7.778082195,6.109697155,6.876473159,6.723889493,6.412370263,6.071493893
18.40579647,0.0274,0.621,0.269,0.000000766,0.0816,0.000564,6.934966047,10.32960055,8.539761608,7.592400657,5.725909399,7.894791667,5.834332531,6.283298611
8.678274575,0.206,0.749,0.0000167,0.00000043,0.0449,0.0000214,7.805442774,11.22769032,7.535084653,6.331769519,6.152300198,6.887831514,7.24882234,7.289821068
8.547235802,0.0000309,0.768,0.0000155,0.000000398,0.0000144,0.232,6.991256013,11.39763159,8.253661035,5.903373819,7.543522634,6.662637231,7.586951455,6.042786171
8.494228319,0.12,0.649,0.05,0.000000232,0.0571,0.123,6.9464155,10.7893856,7.114620869,5.745929505,7.254677301,6.300107199,6.225951801,6.318342309
8.978276565,0.31,0.625,0.0000257,0.000000659,0.0657,0.0000329,5.875538997,7.692371398,6.926306246,6.313185803,5.222985654,6.683874427,5.361019873,5.316531928
12.74636595,0.0000326,0.867,0.0522,0.00000042,0.0804,0.0000209,5.954342481,8.252195127,7.174446691,5.240574441,4.679787202,5.697693376,5.162379603,4.773387509
7.08322301,0.627,0.000198,0.0000265,0.00000068,0.373,0.0000339,6.487277778,5.487962963,6.292916667,6.683571429,5.391666667,5.614583333,5.750011905,6.011805556
12.37417234,0.0000719,0.905,0.0000361,0.000000927,0.0949,0.0000462,6.621491664,7.585206502,8.014192226,6.477537037,5.427604167,7.068981481,5.218654882,6.672465278
10.30862656,0.0000409,0.667,0.0000205,0.000000527,0.255,0.0775,6.114238535,7.167358545,7.52064856,6.471780285,6.489262821,7.426956522,4.990059763,6.367794174
14.80069891,0.0000328,0.603,0.0000164,0.000000422,0.397,0.0000211,6.737519473,8.796151425,8.348487731,6.816863468,5.160281676,6.960645472,5.230351338,5.764650583
17.01838284,0.156,0.761,0.000012,0.000000307,0.0336,0.0499,6.245929709,8.940079004,7.785853369,6.241336719,6.24049915,5.882541977,5.663246986,5.226754269
10.68093543,0.000289,0.559,0.000145,0.00000372,0.000134,0.44,6.417100666,8.869147993,7.238724206,7.080561966,5.70429819,6.057858796,7.80274649,5.85216313
12.98354518,0.223,0.688,0.0899,0.000000469,0.0000169,0.0000234,6.44242543,9.66401078,6.412457367,5.445287739,6.509099564,5.604957075,6.374331202,5.642797416
17.31988712,0.000432,0.952,0.000022,0.000000564,0.0473,0.0000282,6.404031049,9.388692272,8.092416304,7.636387418,6.788495083,6.446289623,5.959778473,6.413282436
9.965487731,0.247,0.713,0.000021,0.000000539,0.0000194,0.04,6.053968686,9.235384503,8.395699807,7.404303555,5.587019231,6.543793586,6.397768718,5.767062135
14.85203062,0.201,0.73,0.0688,0.000000434,0.0000156,0.0000216,6.33637392,11.18206256,6.560497751,6.142035222,7.483630627,5.788425069,5.757549862,5.99164597
15.04748645,0.000326,0.999,0.000163,0.0000042,0.000151,0.000209,6.113804497,11.71227778,7.36209127,6.721611111,8.371617214,7.167222222,5.765444444,6.290451389
7.885747054,0.000169,0.248,0.752,0.00000218,0.0000787,0.000109,7.256023277,8.530738352,5.712535646,5.31708782,7.305338097,4.726393745,5.834651157,6.206096681
8.361413191,0.999,0.0006,0.0000802,0.00000206,0.0000743,0.000103,6.741911111,7.95525,5.640416667,6.575902778,6.05462963,5.355972222,5.705761905,5.124305556
12.15178463,0.201,0.564,0.235,0.00000174,0.0000628,0.0000869,7.219927551,9.914567124,6.196560786,5.153250407,7.875347222,5.705074786,6.048525734,5.875245098
8.439151115,0.481,0.167,0.352,0.000000268,0.00000966,0.0000134,6.90721288,8.595279111,7.004808245,5.914935288,8.446831894,5.343267507,5.882741364,8.545607363
8.207696877,0.885,0.115,0.0000253,0.00000065,0.0000234,0.0000324,8.265979959,9.836044074,6.894510545,4.802015873,7.883167522,4.828452381,7.367681967,5.30608879
10.78791297,0.000067,0.729,0.204,0.000000863,0.067,0.000043,6.583981815,9.927740833,7.62292365,4.768792055,8.028189023,5.658797348,6.792702779,6.819752781
5.381307324,0.339,0.661,0.000029,0.000000744,0.0000268,0.0000371,6.439168641,10.13052923,7.040516354,6.153409392,7.884136544,7.316785714,5.894125458,7.171167027
7.528069111,0.0119,0.727,0.26,0.000000492,0.0000178,0.00104,5.796826893,8.342942077,7.408306718,5.904075757,8.434935897,5.39772549,6.79007248,6.254754413
3.192300839,0.539,0.461,0.000041,0.00000105,0.0000379,0.0000525,6.783827497,9.677579852,7.397548204,5.318818108,7.975342844,5.701223545,5.826686768,8.535694444
6.498058299,0.347,0.484,0.11,0.000000784,0.0582,0.0000391,7.591263043,8.361273644,7.520457604,5.826329824,9.262734025,6.25557209,8.01549571,9.846313165
13.99455621,0.0000701,0.131,0.0000352,0.000000903,0.0000326,0.869,8.042839998,6.226239968,7.436267975,4.602359129,10.8953373,6.57650463,6.24068602,7.628043631
12.66335977,0.462,0.165,0.373,0.000000504,0.0000182,0.0000251,6.938228876,7.580245483,6.987476195,5.33233216,7.018072041,5.341153635,7.391472665,6.445018519
9.209430427,0.0000969,0.499,0.501,0.00000125,0.000045,0.0000623,7.273291822,9.548001263,7.459263044,5.826573232,7.230769231,5.233234127,12.29757639,5.778645833
14.3943956,0.461,0.539,0.00000981,0.000000252,0.00000908,0.0000126,6.939823797,8.371511563,6.341243716,5.482132841,9.026390276,5.40068637,5.86884149,6.203687432
9.957857592,0.141,0.645,0.156,0.000000282,0.0000102,0.0574,6.891155712,9.816040376,7.388751416,5.326444746,8.645308297,5.002412325,5.937375746,6.00750481
9.513224828,0.0269,0.765,0.12,0.00000085,0.0888,0.0000424,7.32490053,10.72816423,5.73691244,4.454231843,7.780471135,4.222099673,6.877298108,5.789477138
9.51646501,0.407,0.592,0.0000301,0.000000773,0.00162,0.0000385,7.417138657,8.282208949,6.487402921,4.560586488,9.200023836,5.45127193,8.052244878,6.721834843
11.75163831,0.00076,0.00285,0.000381,0.00000979,0.996,0.000488,6.431979389,5.090986516,5.770265059,6.370914739,6.563948031,5.665713527,6.271886724,6.343763355
6.547480678,0.000101,1,0.0000504,0.0000013,0.0000467,0.0000646,7.004950265,7.239800419,7.221105922,7.267361111,5.233391204,6.477430556,7.739962722,7.751770833
4.428502809,0.258,0.742,0.0000115,0.000000294,0.0000106,0.0000147,6.370361572,6.582574691,5.92786675,5.12994359,6.180282783,5.123141941,5.360067346,5.817273965
9.880957636,0.221,0.704,0.0000165,0.000000424,0.0755,0.000312,6.509540726,7.086169926,6.204070289,5.083495113,5.954763709,5.786700084,5.7734697,5.68561502
14.19169716,0.0000534,0.752,0.0000268,0.000000688,0.0000248,0.248,7.514475813,8.143883365,7.832870965,6.409701841,6.210070554,6.896805313,6.409901878,5.867394849
6.715101687,0.000192,0.998,0.0000963,0.00000247,0.0000892,0.00182,6.502304704,9.604656686,7.624305916,6.501406112,7.33125,5.763368056,6.298856061,7.530796807
9.549627922,0.0000307,0.79,0.0513,0.000000395,0.0000143,0.158,6.053156663,9.400576795,7.16852928,6.953819566,6.017819437,6.804793399,5.80178843,5.690630889
8.286128236,0.17,0.83,0.0000142,0.000000364,0.0000131,0.0000182,6.241646342,8.479085974,7.16865237,6.747542611,10.80322565,7.403606563,6.894938218,6.081750938
16.72550103,0.0000371,0.937,0.0000186,0.000000478,0.047,0.0161,6.763970084,8.238846039,6.924419049,5.45466705,10.79369172,6.375096917,5.743288639,6.473450768
9.326062756,0.000132,0.998,0.0000662,0.0000017,0.00123,0.0000849,6.66313643,8.513179818,7.664970252,6.268282019,6.751880252,6.110162142,5.631204208,5.985695716
12.44361936,0.458,0.307,0.0424,0.000000318,0.0000115,0.193,5.825618221,7.994594015,5.782468419,6.490937964,11.47571569,7.011156241,5.765812687,5.802325041
21.76744917,0.0000625,0.397,0.603,0.000000805,0.000029,0.0000402,5.816507049,7.606285714,6.959636202,6.614412559,6.311041667,4.672923142,4.649305345,5.676574074
8.814952602,0.0000341,0.751,0.185,0.000000439,0.0639,0.0000219,5.980110853,9.576891776,6.706415043,5.727491766,7.158259757,5.740453767,5.138410145,5.651354527
16.64140877,0.0000606,0.686,0.237,0.00000078,0.0772,0.0000389,6.583951689,9.952066376,6.463079642,6.131425998,6.461140644,6.144507576,6.10782233,5.798415297
9.451035528,0.157,0.843,0.0000125,0.000000322,0.0000116,0.0000161,5.96602114,10.99798486,6.871179331,6.326716735,8.657668194,5.06620109,5.567220433,6.666497021
9.507565787,0.326,0.674,0.0000137,0.000000352,0.0000127,0.0000176,6.624470469,11.02116921,6.877744984,5.630217537,8.702574697,5.804633573,6.367027842,7.532902088
10.81464846,0.0000307,1,0.0000154,0.000000396,0.0000143,0.0000198,5.926786073,9.353265945,7.60190571,6.151785823,8.410972826,6.652312457,6.121784361,6.039891733
9.736946535,0.651,0.33,0.0000109,0.00000028,0.0191,0.000014,6.204124115,9.616595281,6.579255947,5.673847934,7.217539683,6.060758008,6.077623117,6.834902659
18.88146395,0.0000359,0.95,0.0499,0.000000462,0.0000167,0.0000231,6.136588893,12.20103652,6.59179149,6.335544994,8.080420875,5.381959064,6.190400407,6.287145337
4.222593992,0.709,0.291,0.0000503,0.00000129,0.0000466,0.0000644,7.385864412,10.61564905,5.310974857,5.793570638,6.276778199,9.458556548,11.53485989,5.802930418
3.574259783,0.0000952,1,0.0000478,0.00000123,0.0000442,0.0000612,8.845554187,9.68973651,6.531920635,5.097707251,7.852722578,7.662156433,8.924093653,7.817175325
2.095247355,0.00013,1,0.0000653,0.00000168,0.0000604,0.0000836,9.279259959,8.948434584,6.942771549,3.983548526,8.428504141,7.502476124,7.049957156,8.154954955
0.535608491,0.00652,0.992,0.000332,0.00000852,0.000308,0.000425,7.395295635,7.727559524,6.24662963,5.017925574,7.057986111,7.592159819,5.845134921,5.975112434
7.064456909,0.000105,0.678,0.0000529,0.00000136,0.000049,0.322,8.897303848,10.5763877,5.147840308,4.370407268,6.544011438,5.580548871,4.488308536,5.92189592
6.659149757,0.433,0.567,0.0000351,0.000000902,0.0000325,0.000045,7.434185248,10.89570151,5.294805796,5.101953463,5.555067696,6.538897306,5.350717593,5.874644351
12.49731847,0.32,0.679,0.000868,0.000000614,0.0000222,0.000453,7.569330895,11.36799713,5.547099836,5.113454538,6.245218284,6.235919956,5.857958978,6.135588421
3.672610665,0.435,0.395,0.0000362,0.00000093,0.0000336,0.17,7.927705518,12.46641176,5.114471597,4.205790827,6.126143622,5.788454934,5.46722093,5.896653828
3.942161976,0.881,0.119,0.0000764,0.00000196,0.0000708,0.0000979,8.435658333,7.618888889,5.781481481,4.796388889,9.466666667,6.601273148,5.118194444,8.081388889
16.62645218,0.000319,0.462,0.00016,0.00000411,0.537,0.000205,7.831930553,10.14151389,7.04285602,5.78417085,10.39903274,8.348115954,6.720027528,9.782559323
9.845657588,0.558,0.342,0.0000159,0.000000409,0.1,0.0000204,6.181983874,6.907281987,4.84680673,4.951692561,9.669455409,5.513706756,5.298467674,4.660244361
1.641503728,0.871,0.129,0.0000765,0.00000196,0.0000709,0.000098,4.920672561,7.217398148,4.468635684,4.100953704,5.863855219,6.457291667,3.882809524,4.538333333
12.15552653,0.000361,0.961,0.000181,0.00000465,0.0385,0.000232,5.794078066,7.581570232,6.149919974,4.519583333,5.19004551,3.905,4.200890212,4.270208333
0.97117472,1,0.000347,0.0000464,0.00000119,0.000043,0.0000595,6.348902778,8.395170635,4.236018519,4.689,4.044295635,6.602083333,6.177722222,9.531944444
1.869214017,0.991,0.00843,0.0000881,0.00000226,0.0000816,0.000113,8.234666667,3.45,5.695347222,5.504166667,6.191666667,6.666666667,6.108333333,5.266666667
5.700177924,0.0383,0.336,0.0000417,0.00000107,0.0000386,0.625,5.41269161,8.28603966,5.159727759,4.30999446,5.196416663,8.15992148,5.333116856,6.497347481
1.964651678,0.0000939,1,0.0000471,0.00000121,0.0000437,0.0000604,6.246552398,8.431697957,5.0907381,4.313986006,5.417773942,6.917196181,5.286595167,5.902793779
6.182943272,0.0903,0.664,0.000102,0.00000262,0.245,0.000131,6.374161231,7.111621626,5.039830875,5.062016534,5.63285329,5.79202381,5.562516977,4.791009425
1.421503467,0.000148,0.558,0.298,0.0000019,0.0000687,0.144,6.301770592,7.369270984,5.614871775,5.243343254,5.652559524,9.278125,7.448727904,7.160151515
5.058965072,0.000435,0.999,0.000218,0.0000056,0.000202,0.00028,5.195513425,6.823316654,5.685160743,4.3604922,5.784149476,7.480212955,4.802346281,7.653437922
7.217988998,0.298,0.562,0.0000234,0.000000601,0.0000217,0.139,8.382153702,9.35396118,5.686194163,5.790211538,7.815763889,7.702604476,8.283458944,6.462091225
0.379687887,0.446,0.515,0.0000191,0.000000489,0.0383,0.0000244,6.706800215,7.725382784,5.75113251,4.97914772,7.188859127,7.518386752,5.565466213,4.914557433
3.815978674,0.000552,0.779,0.000277,0.00000711,0.22,0.000355,6.986055159,8.008388889,5.185070106,5.49525,7.405208333,10.92361111,5.211666667,6.705555556
6.295381369,0.000147,0.709,0.291,0.00000189,0.0000681,0.0000942,7.250639613,8.786979589,5.69275968,5.977244949,6.871755051,6.5628125,5.428443205,5.768259981
4.687015061,0.491,0.43,0.0784,0.000000502,0.0000181,0.0000251,6.824755479,8.737476478,5.518320199,5.051388528,6.919810681,7.436284722,6.61492383,5.053859127
13.824939,0.0002,0.345,0.445,0.00000258,0.0000931,0.209,7.845777754,6.553958333,5.726539683,5.012357143,10.02869792,6.101736111,4.338472222,5.259375
11.86423334,0.883,0.0306,0.086,0.000000392,0.0000142,0.0000196,7.595413466,7.878338364,4.694070707,4.598702381,6.561922915,8.241964286,5.695802189,5.410703186
7.417705226,0.000227,0.999,0.000114,0.00000292,0.000105,0.000146,7.564190355,10.71738558,5.221424338,5.179531806,6.827523624,7.564231602,6.622653331,6.526016484
10.05227552,0.285,0.437,0.232,0.000000582,0.000021,0.0452,7.746766748,7.581941558,6.56920486,4.752585626,6.789955703,7.165888057,6.599547721,6.60938436
9.376343148,0.335,0.599,0.0000281,0.00000072,0.000026,0.0668,7.456290589,7.819672708,5.704169962,4.639122622,6.27784998,6.427141563,6.653320466,6.184153531
13.88462662,0.293,0.658,0.0000212,0.000000544,0.0000196,0.049,7.828248843,8.104439116,5.60911281,4.760631519,5.795141387,7.19826013,6.752582981,5.948455524
12.40818282,0.328,0.543,0.0923,0.000000699,0.0000252,0.0366,7.249859431,7.497927217,5.586215479,5.008919312,5.581672645,7.490655271,6.300796754,6.176051587
18.79244168,0.621,0.379,0.0000521,0.00000134,0.0000482,0.0000667,6.912997619,6.75405754,6.688515873,5.600400794,4.407361111,7.232291667,5.166339286,6.606430976
11.17542298,0.000148,1,0.0000744,0.00000191,0.0000689,0.0000953,7.738041642,8.047245514,7.471298147,5.476717593,5.334616402,6.97717803,5.98349015,7.862178957
10.40252028,0.000199,0.999,0.0000999,0.00000256,0.0000925,0.000128,7.549302573,8.24383664,6.470222222,5.560443783,6.389914021,6.658541667,6.202883214,8.322083333
7.303552387,0.292,0.675,0.0000222,0.000000569,0.0000205,0.0333,6.514124617,8.097381213,5.299039682,4.537639744,5.464374642,7.291468463,5.457278149,6.970374535
6.980249984,0.0000846,0.78,0.000791,0.00000109,0.0000393,0.219,6.689748078,7.450496515,5.707014332,4.681899709,5.921955986,7.619976233,5.836908498,6.421243834
7.258785745,0.0412,0.799,0.0000226,0.000000581,0.000021,0.16,6.324228524,8.323168412,5.716157424,5.389144117,7.025340677,7.212270953,5.384772207,6.20584879
18.16290275,0.0164,0.374,0.0000237,0.000000609,0.000022,0.609,6.69477458,8.465057282,5.927384205,4.706592466,5.173107964,6.961698893,5.776123547,6.298466566
13.89957503,0.000085,0.85,0.0023,0.0000011,0.0000395,0.148,7.014638813,8.204645454,6.406984454,5.038891655,6.877560606,7.231622475,5.870796819,7.284523542
6.949157251,0.0000712,0.911,0.0000357,0.000000918,0.089,0.0000458,7.097878184,7.570296899,5.660296484,4.066515074,5.14780818,6.318043207,5.774928642,6.490668737
10.98469987,0.0000966,1,0.0000485,0.00000124,0.0000449,0.0000621,6.758428222,7.871877992,5.759388797,4.601558075,5.502948146,7.410417947,5.599041296,6.02991295
5.842076846,0.0219,0.88,0.0978,0.000000722,0.0000261,0.000036,6.581364769,7.954673805,6.298353596,5.307829423,5.04815227,7.343145318,7.423629446,6.728136989
10.93534569,0.0000469,0.89,0.0815,0.000000605,0.0000218,0.0287,6.279125819,7.622146075,5.160671836,4.838744394,6.041798275,7.321229587,5.255880826,5.479116162
8.109313091,0.0000578,0.33,0.000029,0.000000744,0.571,0.0987,7.441265137,7.431041667,5.698959212,4.429229371,6.743537539,7.646420755,6.804555835,6.000085396
11.28424191,0.000113,1,0.0000566,0.00000145,0.0000524,0.0000725,7.580007416,8.015842156,6.112625,5.120703704,5.591547619,7.297431078,5.904250278,8.320779915
6.300154049,0.0000332,0.806,0.0000166,0.000000427,0.0000154,0.194,7.527451021,9.200494273,6.510387356,4.738120926,6.011019273,6.422971224,8.51807583,7.186349193
13.52457241,0.000158,1,0.0000793,0.00000204,0.0000735,0.000102,7.49653582,8.926134087,6.096701389,4.973567986,7.182777778,7.600072751,7.694002903,6.836155627
17.25313375,0.458,0.542,0.0000355,0.000000912,0.0000329,0.0000455,8.611456748,9.023884508,6.666019136,4.882263919,6.397693498,6.669525298,8.254534822,6.718681872
6.438567288,0.0000574,0.998,0.0000288,0.00000074,0.0000267,0.00207,8.120975478,8.446581936,6.793338696,4.482539762,6.815406196,8.639305556,6.471316201,7.991121212
13.34117293,0.0000427,0.755,0.0000214,0.00000055,0.0000198,0.245,7.107356752,7.526355883,6.31831128,4.599775717,5.998286844,6.613808445,6.073289429,6.21099602
15.78032135,0.0000393,0.982,0.0000197,0.000000506,0.0000183,0.0178,7.803878628,8.548694224,6.894949319,4.711822925,6.826922299,6.598287927,7.42617084,7.646100427
9.35239344,0.0000847,1,0.0000425,0.00000109,0.0000394,0.0000544,7.603800283,8.551730687,6.754956971,4.8160166,6.70317964,7.103854458,6.827844424,8.188832906
9.385288746,0.0000883,0.843,0.0000443,0.00000114,0.000041,0.156,7.725113661,8.704440055,6.319136516,4.68961182,6.777839842,6.373816441,6.218921642,7.225280274
6.760277763,0.000237,0.999,0.000119,0.00000305,0.00011,0.000152,7.646740265,9.017675939,6.622512747,4.592672619,7.766006216,6.926220238,6.433595551,6.321676434
4.169071054,0.0000502,0.717,0.0000252,0.000000647,0.0000233,0.282,7.361244559,10.85856898,6.861658717,6.221978914,10.14932845,7.169877451,6.715499188,6.291965453
20.13207675,0.733,0.141,0.0000604,0.00000155,0.126,0.0000774,6.625907407,5.3375,7.242801587,9.0098125,10.74583333,10.53333333,5.5275,3.425
11.77707049,0.000223,0.997,0.000112,0.00000287,0.000104,0.00212,7.942170515,9.588080766,6.726119529,5.712779942,10.1238952,7.397638889,5.595541568,6.40392323
17.16645463,0.25,0.623,0.0419,0.00000026,0.0000094,0.0854,7.005279125,9.939739136,7.191013081,5.49567763,6.57187727,5.893222517,5.976832482,5.831096395
9.132444135,0.938,0.0508,0.00000378,0.000000097,0.0000035,0.0115,6.443354802,7.65984021,5.862962561,5.291391569,5.725680522,6.448057978,5.395348618,5.959005754
17.06244591,0.00086,0.999,0.0000438,0.00000112,0.0000406,0.0000561,6.453426319,8.226698368,6.607260148,5.053359622,8.640995949,6.60161297,5.845391206,5.378930533
7.508487678,0.000042,0.976,0.0000211,0.000000541,0.0000195,0.0234,6.146952975,9.151991083,5.67323681,5.413794092,8.286759655,5.562281474,6.542023966,4.933941441
9.654980952,0.0379,0.68,0.185,0.00000106,0.0000382,0.0975,6.810003217,9.722425489,5.846277673,4.737701098,6.99020189,5.512823267,5.294898185,5.550549553
6.532456563,0.657,0.343,0.0000282,0.000000724,0.0000261,0.0000361,6.391740006,9.74411605,5.701306502,5.803593386,5.319597821,5.163256766,6.668858756,4.823541667
9.998569758,0.305,0.648,0.0000129,0.00000033,0.0000119,0.0467,6.715848421,10.22753089,5.608445667,4.735343474,6.853561204,5.774899856,6.03534589,5.756721396
13.72641047,0.0000258,0.788,0.212,0.000000333,0.000012,0.0000166,6.274083469,7.355260036,5.475938772,4.648113239,5.632426183,5.951749256,5.307277605,5.337270063
16.69193408,0.263,0.525,0.17,0.000000527,0.0431,0.0000263,6.091989692,8.656272644,5.530660227,4.667546885,6.59780506,5.923896757,4.845370293,5.139531742
7.703479501,0.0000612,0.315,0.0000307,0.000000789,0.0000285,0.685,7.35137139,12.01522566,7.676953584,4.623059553,8.140810969,4.782509921,5.873943428,5.982271449
14.42299339,0.0524,0.597,0.115,0.000000739,0.0000267,0.236,6.66598015,10.22021593,5.636687265,4.698473956,7.559267686,4.534298126,5.692660517,5.111311773
15.07475924,0.000087,1,0.0000436,0.00000112,0.0000404,0.0000559,7.420056981,9.552060521,6.167683664,5.165289141,8.256222386,5.492420826,5.68414468,6.731657268
10.688106,0.318,0.682,0.000026,0.000000667,0.0000241,0.0000333,6.468184326,8.688447344,5.882644758,4.811087801,6.670667003,5.24093019,5.573876547,5.277036008
7.960034637,0.301,0.531,0.107,0.000000646,0.0000233,0.0608,6.243894975,9.005944087,5.035368092,4.717223954,8.421345886,4.862702518,4.945788001,4.791535128
7.32476038,0.383,0.616,0.0000318,0.000000817,0.0000295,0.000602,6.77227544,9.322323018,5.476264649,4.636096873,6.90660636,5.539982175,6.184963056,4.857351315
8.067902374,0.262,0.738,0.0000223,0.000000572,0.0000206,0.0000286,6.616249882,9.405492247,5.715305224,4.81844508,7.014158867,5.14958619,5.569263773,6.072977332
9.525112897,0.000105,0.747,0.253,0.00000135,0.0000486,0.0000673,6.075725343,8.610296722,5.624186662,4.949762171,6.397362519,5.315718659,5.218014913,7.064100908
6.588270289,0.000342,0.349,0.65,0.0000044,0.000159,0.00022,7.682815079,9.296309283,5.341339438,5.252260582,6.795864899,4.129166667,7.24828349,5.061984127
11.57566604,0.000081,1,0.0000406,0.00000104,0.0000376,0.0000521,6.681871739,8.556855736,5.902145815,5.283935734,6.589296596,5.368611111,6.278110906,4.806393762
9.709421356,0.509,0.491,0.0000213,0.000000547,0.0000197,0.0000273,6.30202975,7.479467504,5.365870796,6.013701075,11.96830375,5.756863029,5.382084215,6.420573995
8.501290683,0.258,0.32,0.178,0.000000578,0.0000209,0.244,6.271110928,8.956000041,5.625299866,5.299461876,7.079032738,5.721132768,5.941529556,5.710672454
4.808326398,0.023,0.511,0.465,0.000000855,0.0000309,0.0000427,6.208102061,6.28232249,5.221372293,4.852375968,5.448065476,5.567958414,4.959609687,4.777986695
3.111792505,0.525,0.441,0.0000214,0.00000055,0.0000198,0.0348,6.455972769,6.959808896,5.529676255,5.383166148,5.571597701,5.759656605,4.946555807,5.599769195
2.440472341,0.000106,0.873,0.0000529,0.00000136,0.000049,0.127,5.936890241,8.617152148,4.851102464,4.814438746,8.105620902,5.639332942,5.065852186,4.783349511
7.708216077,0.248,0.752,0.0000169,0.000000434,0.0000157,0.0000217,6.413866988,9.174879405,5.295888827,4.880374264,7.197727883,4.71553921,5.644968572,5.250703945
6.469732339,0.295,0.368,0.0000221,0.000000568,0.338,0.0000283,6.969628547,7.49424537,6.879729742,6.116549062,6.520903078,5.805208333,6.483031788,5.989862637
12.20155271,0.000117,0.418,0.582,0.00000151,0.0000545,0.0000753,6.722603663,9.843566378,6.780882177,6.2410095,7.785067016,6.169041005,6.75487118,6.481391369
8.958603932,0.0000558,0.631,0.369,0.000000719,0.0000259,0.0000359,5.679253472,7.643500015,5.359898286,4.469126568,6.022316045,6.195913218,5.380021425,5.016445963
5.791724529,0.000076,0.655,0.24,0.000000979,0.0000353,0.104,6.503808569,8.682074075,5.564513335,5.500195767,6.225062693,6.648206019,4.987382778,6.630164141
5.06578489,0.0000786,0.603,0.0000394,0.00000101,0.0000365,0.397,6.022030379,8.507150281,5.129035418,4.834967713,7.505920227,8.127546506,5.831917771,6.493063933
3.342091117,0.000278,0.999,0.00014,0.00000359,0.000129,0.000179,5.971238889,8.622599206,6.111747558,5.692430556,6.330625,7.559375,5.35252381,4.961248474
6.656040313,0.041,0.209,0.0000504,0.00000129,0.0000467,0.75,6.507255838,8.361369026,6.118338399,5.491231459,10.04479857,6.838863205,6.326030473,5.676984964
8.610572085,0.231,0.488,0.26,0.000000494,0.0000178,0.0204,6.669713871,9.359926613,5.596684196,6.560440365,7.50211714,5.564893579,8.148924392,6.318522267
2.920593426,0.00000167,0.00688,0.00277,0.99,0.000000778,0.00000108,5.662521547,8.064531981,5.069739642,5.027579151,7.002764752,5.189375,6.235375256,5.604546115
7.638843324,0.0000575,1,0.0000289,0.000000741,0.0000267,0.000037,5.710428216,7.116834603,5.587960301,4.559100809,6.184584146,4.859108018,4.85163323,4.734809028
7.950659967,0.000795,0.999,0.0000405,0.00000104,0.0000375,0.0000519,5.980265836,7.669470408,6.483656659,4.709966025,7.482180673,6.655044627,5.244849849,5.113397481
6.816101132,0.000268,0.0208,0.474,0.00000035,0.0000126,0.505,5.354337806,4.800719577,7.748878066,5.609778543,10.77929315,7.527139357,5.200093077,5.728871775
5.039520047,0.0000808,0.716,0.19,0.00000104,0.0000376,0.0938,5.580327531,6.788086339,6.427561546,4.949230059,9.596331952,7.530392838,4.853959163,5.383782967
4.113820505,0.000201,0.999,0.000101,0.0000026,0.0000936,0.000129,5.651924339,6.731326841,5.712255952,4.995625,5.628342637,7.993383191,4.847003968,5.266497253
9.405794449,0.785,0.00054,0.214,0.00000185,0.0000669,0.0000925,5.737330556,7.568923611,4.525888889,6.073946429,4.667916667,7.689583333,4.316666667,3.773958333
2.003665379,0.46,0.54,0.0000373,0.000000956,0.0000345,0.0000477,7.214028788,8.228933094,6.075806268,4.427829004,4.901521164,6.757708333,6.373904457,5.335285548
3.844651582,0.517,0.483,0.0000397,0.00000102,0.0000367,0.0000508,5.641233598,7.27724278,6.157462963,5.044116162,4.089123377,7.442175926,4.79918482,5.439360269
7.275040036,0.394,0.456,0.0000336,0.000000863,0.0000311,0.15,5.386842436,6.127833402,6.502725857,5.185294851,7.903510417,6.820341269,5.360134355,4.614630153
1.616679615,0.85,0.0000567,0.00000759,0.000000195,0.15,0.00000972,5.618561304,5.549707672,5.902701058,5.083052885,4.627857143,7.915008013,4.643907176,5.218854167
0.56643854,0.366,0.0721,0.0819,0.000000601,0.0000217,0.48,6.350243966,6.517059444,7.195247183,5.336106203,5.184273108,6.48396279,8.010212005,5.360356125
8.292808577,0.0234,0.000151,0.976,6.41E-08,0.0000464,0.0000032,5.243336353,5.397249251,7.490108966,5.387819032,5.205062897,7.079846062,5.077265145,4.814159692
7.864596573,0.309,0.546,0.146,0.000000329,0.0000119,0.0000164,5.48427494,7.138536027,6.36927387,4.271387848,5.741443079,5.529568376,4.523182803,4.652664943
4.451640513,0.0000266,0.357,0.623,0.000000343,0.0000124,0.0196,5.411454704,6.488473806,7.449290762,4.931206103,5.60739746,6.219818934,5.029499652,5.016361073
0.909811389,0.000212,0.956,0.000106,0.00000273,0.0432,0.000136,7.144961111,7.882638889,6.904166667,5.297916667,6.244444444,6.321111111,5.787873016,7.609722222
1.139400738,0.574,0.226,0.2,0.00000126,0.0000455,0.0000629,6.006975794,7.589351852,9.841458333,8.467708333,4.67,5.102083333,5.076111111,5.025694444
2.617969029,0.302,0.466,0.232,0.000000606,0.0000219,0.0000302,6.919712338,7.929097183,6.068784392,5.197425926,5.391085526,5.466388889,6.692791667,5.714525463
10.14189861,0.000691,0.625,0.374,0.000000904,0.0000326,0.0000451,6.110999918,6.721420184,7.371566153,6.040459788,5.944118306,7.609634074,5.323164041,5.837832633
9.988192006,0.000699,0.00262,0.996,0.000009,0.000325,0.000449,6.047861111,6.217222222,3.803611111,6.248055556,10.77083333,5.593055556,5.2775,4.083333333
12.24410009,0.016,0.908,0.0000197,0.000000505,0.0000182,0.0756,6.420186478,7.904690917,5.535213886,5.295601089,5.806825216,6.683459315,5.429305807,6.104800199
14.97218826,0.0363,0.964,0.0000446,0.00000115,0.0000413,0.0000571,5.375536887,6.68485243,4.891892824,4.435587901,5.545715509,5.931068204,5.224509349,4.482177855
15.77518157,0.000139,1,0.0000697,0.00000179,0.0000645,0.0000892,5.347046107,6.048843007,4.662562164,4.238012938,6.06958647,7.237978876,4.528319838,4.945970395
11.82109795,0.245,0.534,0.000021,0.000000538,0.0000194,0.22,6.682448761,7.315963587,5.840357836,5.123031001,6.735168241,7.547902685,5.358547959,6.308034777
13.42634543,0.524,0.235,0.0000145,0.000000373,0.0000135,0.241,5.614479412,6.735515668,5.443663333,5.047017729,6.888053225,6.5345803,5.554397784,7.20887116
6.308511971,0.0000437,0.89,0.11,0.000000563,0.0000203,0.0000281,7.03050836,8.032766337,6.359788291,5.563038128,6.67702726,6.594745671,6.67184298,5.956314192
15.27122306,0.455,0.268,0.0000187,0.00000048,0.0000173,0.277,6.151341535,6.582531893,5.832206312,5.275757768,5.522262061,5.740336505,5.143501576,4.623225512
6.025166142,0.0123,0.935,0.0526,0.000000405,0.0000146,0.0000202,6.396896414,7.321531482,6.242361677,4.314303491,9.949769875,5.501749165,5.105779151,5.084005957
18.72896773,0.204,0.796,0.0000158,0.000000405,0.0000146,0.0000202,6.426454476,7.179863735,6.492742204,4.556950639,7.20365714,5.588961538,5.906060737,5.360973656
8.348440551,0.0000344,0.894,0.0634,0.000000444,0.0427,0.0000221,6.302806243,7.215721656,6.877816989,4.380965304,6.993962369,5.958643162,5.514694858,4.976958847
2.269898178,0.0000742,1,0.0000372,0.000000956,0.0000345,0.0000477,5.827454878,8.296953575,7.060487186,3.821967883,6.661361989,5.90099873,4.901832882,5.582698322
5.558121764,0.00028,0.999,0.00014,0.0000036,0.00013,0.00018,7.899788889,8.939472222,7.158159722,5.729166667,6.658854167,4.930833333,5.328611111,4.727083333
5.665573419,0.0000827,1,0.0000415,0.00000106,0.0000384,0.0000531,6.468201975,7.899477813,6.033793581,4.76479786,6.439403971,5.515081019,7.10933531,5.783600929
7.833163529,0.000135,1,0.0000676,0.00000174,0.0000626,0.0000866,6.932632612,10.26566529,6.863069414,4.832252747,7.047344055,4.797785364,6.013089111,8.628844246
19.37834395,0.511,0.297,0.000021,0.000000539,0.0000194,0.192,6.808210204,9.098326564,5.929800681,4.972452686,5.825149287,7.30933904,7.593373816,7.953899767
9.38844064,0.138,0.622,0.045,0.000000293,0.0000106,0.195,7.487029334,9.255759429,6.464535778,5.196544248,8.325373311,6.281202504,8.177283279,7.406772466
24.48044916,0.00207,0.292,0.000105,0.0000027,0.0000975,0.706,6.798363757,6.942628358,6.371152778,5.247444444,11.76139468,5.381597222,5.555925926,5.824404762
17.97310719,0.1,0.182,0.000111,0.00000286,0.000103,0.718,6.330611905,5.971770833,6.39123064,5.538939394,5.403650794,4.466597222,5.715567701,5.57281746
11.33761594,0.0413,0.959,0.0000389,0.000000999,0.000036,0.0000498,5.828967581,6.013393221,5.520503334,4.462572448,5.649497664,4.668737847,5.550667246,5.01529304
10.79124993,0.0000989,0.768,0.0000496,0.00000127,0.229,0.00269,6.646775783,7.073068665,5.902063427,5.18208547,6.133118554,5.947542263,5.940583143,5.963479663
12.38069364,0.685,0.252,0.0000112,0.000000288,0.0154,0.047,6.552307166,7.191831688,6.229549731,5.063056682,6.346501042,5.418710826,5.722256867,7.635707457
23.06072676,0.00264,0.993,0.00133,0.0000341,0.00123,0.0017,7.804897912,6.959964437,7.102272397,5.343284975,7.073191027,5.592769257,8.092673775,7.313740079
1.361629252,0.19,0.647,0.0000145,0.000000371,0.0398,0.123,6.746562951,7.606524624,5.794565418,4.413315841,6.344766452,5.161536692,6.155221298,5.919592803
10.84553349,0.000131,1,0.0000656,0.00000168,0.0000607,0.000084,6.801263908,5.550291005,6.193082887,4.723109407,5.693525641,5.21559075,5.125925193,5.876732803
2.531114049,0.413,0.502,0.000034,0.000000872,0.0857,0.0000435,6.877811731,5.719213755,5.953661021,5.415231062,6.29040737,5.498023705,5.183602568,5.353250313
6.593896972,0.268,0.555,0.0000225,0.000000579,0.0000209,0.177,6.796983509,7.317387817,5.934799542,5.011015595,7.407770497,4.906378893,6.044966238,5.957363334
8.71852589,0.106,0.744,0.0000074,0.00000019,0.00000686,0.149,5.80271542,5.384243967,5.3921109,5.023536443,7.392429855,5.349521254,5.267152916,5.354536087
8.769113452,0.0105,0.786,0.00529,0.000136,0.0049,0.193,6.424422222,8.890612434,5.653055556,4.589015873,5.28591626,6.455902778,5.453075397,4.826041667
18.67580394,0.742,0.000455,0.258,0.00000156,0.0000564,0.0000779,6.732227778,7.777916667,6.109055556,5.162027778,5.375714286,7.904583333,5.463138889,5.883472222
0.474764206,0.000126,0.462,0.538,0.00000162,0.0000584,0.0000807,6.204740122,10.48553445,4.233897555,3.941415389,6.858898276,7.896656676,5.119194266,4.385332321
9.563280415,0.000112,0.374,0.000056,0.00000144,0.0000518,0.626,6.687990715,9.367202848,4.499473304,4.070960789,8.587746108,6.866536897,7.682916275,5.213790767
4.395087018,0.632,0.368,0.0000461,0.00000118,0.0000427,0.0000591,6.86363946,10.3162989,4.535600529,3.859474567,6.319857268,6.547346456,5.717128247,4.576468254
6.924235916,0.722,0.0719,0.0975,0.000000767,0.0000277,0.109,7.1448,12.55124302,5.341873016,6.314930556,6.5846875,8.147916667,9.657535714,5.74537037
10.33478549,0.561,0.438,0.0000471,0.00000121,0.0000437,0.000892,7.159004446,11.01890029,5.56670316,4.842515906,7.380430443,7.031204305,5.954885166,5.28337432
9.866414325,0.907,0.0455,0.00000645,0.000000166,0.00000598,0.0476,7.237397405,11.06346032,5.37786213,5.475328846,7.4378125,8.058425508,5.531947818,6.11646164
9.986721769,0.000263,0.999,0.000132,0.00000339,0.000122,0.000169,7.687707167,9.262926761,6.480863636,5.426766354,10.79642228,8.503477946,5.947943501,6.17796627
10.08824829,0.000368,0.999,0.000185,0.00000474,0.000171,0.000237,7.609165824,9.772083613,5.002287021,5.040318402,8.23985999,7.670297619,6.192875163,5.034221783
8.475945559,0.0000555,0.971,0.0000278,0.000000715,0.0000258,0.0285,6.849967066,10.76287982,4.608685002,4.017066955,6.242147326,6.768758122,6.113505032,5.633309582
13.46663482,0.456,0.402,0.0000184,0.000000472,0.0392,0.103,6.313911716,9.881710117,4.291827239,4.576532708,6.5890981,7.667966758,5.041413848,5.167126767
9.43537282,0.000101,0.805,0.0000508,0.0000013,0.0000471,0.195,7.370339249,10.09845633,4.827364964,4.832890101,6.39842549,7.999270163,5.419711173,6.071840435
15.82164496,0.0000493,0.0539,0.901,0.000000635,0.0454,0.0000317,7.517219372,7.502361111,5.319806277,4.541952381,8.120694444,7.876666667,5.27924537,5.6325
9.971875935,1,0.000342,0.0000457,0.00000117,0.0000423,0.0000585,9.014277778,8.63558189,5.207083333,4.328888889,8.9625,6.3375,7.512111111,5.811458333
9.725470605,0.000197,0.999,0.000099,0.00000254,0.0000917,0.000127,7.908444567,9.381054107,5.835617261,5.265044974,9.719907644,6.746364689,7.74056522,6.30929155
5.173934547,0.000306,0.996,0.00287,0.00000395,0.000142,0.000197,7.180691005,9.211698232,5.93906746,5.114563492,5.330093344,7.544861111,7.567030303,5.158730159
14.72747097,0.653,0.00043,0.346,0.00000148,0.0000533,0.0000737,6.633722222,7.551547619,5.330395833,5.348611111,6.036111111,5.613888889,9.803236111,4.981944444
6.374560782,0.96,0.0399,0.0000423,0.00000109,0.0000392,0.0000542,8.416111111,8.941666667,5.552083333,11.66666667,5.802777778,2.133333333,8.916666667,4.316666667
7.894835032,0.000885,0.544,0.455,0.0000114,0.000411,0.000569,6.101930556,4.904456019,5.524416667,4.832777778,6.105555556,5.037083333,5.332083333,5.320555556
7.549613529,0.0000814,0.859,0.14,0.00000105,0.0000378,0.0000523,5.372355271,6.219584417,4.933659512,4.965551282,5.182407095,4.182820391,4.795616733,5.237623025
2.999841369,0.615,0.0897,0.296,0.000000453,0.0000163,0.0000226,5.503481097,7.068801335,5.563084554,5.197077381,5.129575893,6.174990079,4.480180916,6.031597222
6.19427327,0.0000973,0.759,0.174,0.00000125,0.0000452,0.0672,5.196437561,4.800912909,4.859763473,4.380615773,3.294907407,5.391517857,4.237393984,4.92536789
4.039348772,0.16,0.836,0.0000838,0.00000215,0.0000776,0.00454,5.697969769,7.676285353,4.911998626,4.209156162,4.984368667,7.287873932,5.211091288,5.215691138
14.29922043,0.332,0.493,0.0508,0.000000359,0.0579,0.0663,5.184973446,6.633089816,4.72112565,5.030028606,7.99104437,8.515812206,5.581137693,5.031381181
11.66633669,0.675,0.277,0.0000288,0.00000074,0.0000267,0.0484,5.259710028,6.503401003,4.790179683,5.304763914,4.71325932,8.818867443,4.767789901,5.41155841
11.45903953,0.892,0.108,0.0000253,0.000000649,0.0000234,0.0000324,4.794820532,5.951481827,4.706995461,6.148051166,4.862759081,9.047692308,4.5323718,6.943558007
9.473752466,0.414,0.485,0.000029,0.000000745,0.0000269,0.101,5.128964964,6.426870659,4.363470951,5.223437098,5.026732737,8.923401773,4.182832636,5.148211675
14.99867799,0.000265,0.999,0.000133,0.00000341,0.000123,0.00017,5.266965873,6.796516204,5.404193723,5.59311211,4.51875,9.523507912,4.988038623,5.430998377
13.50230626,0.251,0.109,0.0000195,0.0000005,0.0000181,0.64,4.80456389,5.388647487,4.793335966,5.81855332,3.674016204,10.21962166,4.823054753,5.920267484
3.306808807,0.198,0.689,0.0561,0.000000425,0.0000153,0.0573,6.277877225,9.166696563,5.199910499,4.518356144,6.087564402,5.601957071,4.973008587,4.816070469
1.748636364,0.426,0.262,0.312,0.000000913,0.0000329,0.0000455,5.946233716,9.068348446,4.812809524,4.475099206,6.285483529,4.523178211,4.99246857,4.796942878
24.75797909,0.0038,0.0143,0.978,0.000049,0.00177,0.00244,4.105555556,4.020833333,3.938888889,7.052777778,6.041666667,4.416666667,4.53,6.575
