9.054521633,0.174,0.653,0.0000153,0.000000393,0.174,0.0000196,7.620166791,8.376489507,9.470222856,9.681054364,5.450727513,8.777886527,8.82407832,8.995681235
8.115449098,0.0000337,0.626,0.0000169,0.000000434,0.304,0.0708,7.220418028,9.906018258,10.21276734,9.142167996,6.316674901,7.662725032,6.082803961,7.912333665
14.0283896,0.219,0.561,0.0000169,0.000000435,0.0514,0.169,7.274928687,10.59434827,10.65672404,10.17860703,7.352730167,7.856842758,6.83689917,7.982043665
15.14412634,0.196,0.804,0.0000161,0.000000415,0.000015,0.0000207,6.807901952,8.857647742,10.34354744,9.485339545,5.856385661,7.088628864,6.230336983,7.313144592
7.396460454,0.153,0.768,0.049,0.000000341,0.03,0.000017,7.836865962,12.2701915,8.405913169,9.393129498,9.627718137,8.648501157,7.186854576,7.66827381
14.64623185,0.0000259,0.882,0.118,0.000000334,0.000012,0.0000166,6.592399719,11.8355354,7.820584805,7.864855811,8.690800002,6.826572963,8.743950787,7.022903161
10.99863356,0.221,0.779,0.0000169,0.000000435,0.0000157,0.0000217,6.181572944,11.59232651,8.121042398,10.60569946,7.707598756,7.062632098,7.351531665,7.627086835
13.24311879,0.187,0.751,0.0622,0.000000397,0.0000143,0.0000198,6.850401056,12.28029662,8.248085552,8.061223905,8.952910619,6.757631074,7.449621337,8.375379352
14.41327463,0.0000215,0.849,0.151,0.000000277,0.00000998,0.0000138,7.327473189,11.33682608,8.603291142,8.53814126,11.94692549,7.969112599,6.811316193,9.858301792
23.84170306,0.308,0.509,0.109,0.000000655,0.0739,0.0000327,7.798888215,10.94244424,8.580696063,9.459067742,6.391836081,8.783826885,6.312750624,9.351237536
16.52966704,0.0000443,0.57,0.43,0.000000571,0.0000206,0.0000285,7.359726013,9.178890267,10.28048225,9.436709216,5.995360725,6.683978175,7.012227227,7.333272276
24.29447189,0.0368,0.963,0.0000386,0.00000099,0.0000357,0.0000494,6.651788267,8.916833823,10.05317578,10.08067662,5.990625,7.445929952,6.162693313,7.818426916
13.26689143,0.00000169,0.00000633,0.000000847,1,0.000000784,0.00000108,7.342129222,12.13183436,9.328545763,9.278941195,7.487114528,7.339985411,6.058772354,7.886445234
2.929218324,0.372,0.561,0.0000309,0.000000794,0.0671,0.0000396,6.997035815,10.06063648,9.187448724,9.377674734,11.61041667,8.613078949,8.205128369,12.17574144
2.062824805,1,0.0000167,0.000000665,1.71E-08,0.000000616,0.000000851,6.455201929,9.0873125,9.05640631,10.52863258,3.966666667,7.302624704,8.092334996,8.158853213
9.061992748,0.0000823,1,0.0000413,0.00000106,0.0000382,0.0000529,6.068944218,10.7154584,9.168933965,9.765402876,6.691994048,7.33462963,5.80390795,6.91046627
7.826441045,0.000057,1,0.0000286,0.000000734,0.0000265,0.0000366,6.689864881,9.372509114,11.17389243,8.519311205,8.942495791,7.482361111,7.642678026,6.44125
14.13184812,0.0001,1,0.0000503,0.00000129,0.0000466,0.0000644,6.668959899,8.723372648,10.09409056,9.696164407,11.33709865,7.160178571,6.030168174,5.901612554
21.5094486,0.0000366,0.978,0.0000183,0.000000471,0.000017,0.022,7.486471683,9.774753491,10.52351218,9.080046212,7.956517781,7.299361111,6.640647521,7.685391767
16.15621871,0.325,0.609,0.0000131,0.000000336,0.0000121,0.0659,6.969340544,10.03796931,10.78819867,8.774044754,8.216056858,7.488160244,8.657194113,7.613358093
9.680216779,0.000676,0.808,0.108,0.000000884,0.0833,0.0000441,6.470597086,9.624104013,9.886532925,9.355494893,6.203504896,7.273322642,5.569450701,6.85094471
9.176832004,0.000378,0.907,0.0000192,0.000000494,0.000357,0.0926,6.820853747,9.41648535,10.30656502,9.647821379,7.977522057,7.563599537,6.950738625,6.754804387
12.82454732,0.0204,0.979,0.0000231,0.000000594,0.0000214,0.0000296,7.1445152,9.583963445,9.522752268,8.381185808,7.261676679,7.250087733,6.799896175,7.359418051
11.82125637,0.0098,0.848,0.143,0.000000347,0.0000125,0.0000173,6.75645687,13.60233707,8.939662898,8.995468833,8.498197874,7.230562435,6.865541571,8.005653467
10.29303247,0.964,0.00168,0.0276,0.000000096,0.00634,0.00000479,7.841927592,12.26921435,7.528047034,5.901805479,7.917990431,8.463629679,7.251223676,8.588277382
15.11375149,0.129,0.787,0.0000103,0.000000265,0.0838,0.0000132,7.295581117,13.56414979,7.71254571,6.40359979,7.781678902,7.112886153,6.67363218,8.358453989
20.75745548,0.607,0.393,0.0000127,0.000000326,0.0000118,0.00024,7.806206545,16.7227338,7.788497833,6.833356837,8.40879688,7.729484127,7.295962187,8.583706434
2.623579964,0.000154,0.00467,0.0000773,0.00000198,0.995,0.000099,7.676565491,7.710416667,8.396202381,8.603333333,4.65,5.758333333,6.771649832,9.529027778
16.91088396,0.00699,0.606,0.107,0.000000327,0.28,0.0000163,6.852208311,8.899204815,8.755403941,8.348339245,5.08119023,9.93992544,5.511993681,9.137158339
12.23320056,0.000038,0.864,0.0773,0.000000489,0.044,0.0145,8.371839546,10.20516426,7.030240469,5.323047323,7.06434381,6.904573736,6.622370307,8.232981885
7.971739165,0.305,0.313,0.000222,0.000000305,0.0271,0.355,8.11902856,9.535953424,8.58804972,6.20534893,6.044972004,8.369170355,6.578449983,8.730584497
10.32179523,0.0142,0.628,0.22,0.000000254,0.102,0.0361,7.36762787,10.48512251,8.864635762,7.471350238,7.547888374,8.044046379,6.531573995,9.058012375
13.27481952,0.0149,0.828,0.0000159,0.000000408,0.144,0.0132,6.133056891,7.728914316,7.238567603,7.625224969,5.867175582,9.128490741,5.314002005,8.018713446
6.975105637,0.0000334,0.375,0.0000168,0.000000431,0.179,0.447,7.117158449,10.11530154,9.717591551,9.467090789,7.372447917,9.463249499,9.115598364,8.102840263
12.66981413,0.0000457,0.784,0.0000229,0.000000589,0.194,0.0223,7.043901298,9.263842501,9.069466813,8.561166769,7.143575832,8.084416118,6.804210523,6.657822195
15.72451752,0.385,0.604,0.00000784,0.000000201,0.0112,0.00001,6.776532958,8.667678707,9.256998734,7.570586637,6.147091987,8.203329549,5.977290962,6.483884889
14.08002695,0.542,0.458,0.00000901,0.000000231,0.00000835,0.0000115,7.842575645,11.93773221,8.843800393,7.34419207,8.69954887,7.414052949,7.884187891,7.094929146
10.96973986,0.0108,0.867,0.0000143,0.000000366,0.122,0.0000183,7.814012457,9.958891628,8.897731846,7.404441428,6.157690603,8.502404762,8.994215713,7.837022715
12.10192999,0.0225,0.725,0.000031,0.000000796,0.0947,0.158,6.587433837,9.662860075,8.117085285,8.023349525,6.239087942,7.552738095,6.533454088,9.05253481
6.954349185,0.236,0.743,0.0000196,0.000000504,0.0000182,0.0211,7.264521525,10.30947102,8.193946591,7.180627798,7.862754375,7.30249183,6.519765094,6.753371252
6.420085112,0.324,0.492,0.121,0.000000697,0.0628,0.0000348,7.138608862,9.66680203,10.19311466,9.200558354,17.96454861,7.587152778,7.723567446,6.244795658
10.69451558,0.000078,0.833,0.0000392,0.00000101,0.167,0.0000502,7.091479306,8.658167735,10.08487036,8.510391919,6.044590774,8.176332962,8.63187328,6.291147116
8.132908262,0.309,0.471,0.000239,0.00000033,0.0234,0.197,6.615880263,9.587612339,8.408701433,7.877075242,7.977314116,7.719799543,6.222382557,6.199748932
7.284267482,0.225,0.692,0.000017,0.000000436,0.0000157,0.0828,7.050555286,9.440703685,9.80626937,8.562896465,6.423018519,7.656210317,6.364627709,6.617121212
9.322132338,0.000092,1,0.0000461,0.00000118,0.0000427,0.0000591,6.408777305,9.038307882,8.900589655,9.832970835,7.000025024,7.083710317,9.498225115,8.407832718
15.85193139,0.0000593,1,0.0000297,0.000000763,0.0000275,0.0000381,6.270744688,8.999915558,8.363376719,8.944601528,12.76292715,8.369731871,7.41539524,9.412910674
12.14483181,0.0000246,0.945,0.0549,0.000000317,0.0000114,0.0000158,6.318304565,10.53938909,8.424735452,7.889277855,9.344787645,7.90467164,5.869284403,7.346489488
14.10496826,0.278,0.701,0.000012,0.000000309,0.0206,0.0000154,7.113009137,10.27174645,7.760010896,6.710202904,8.976655575,6.931189459,7.146430637,7.802283249
11.57185042,0.0000604,1,0.0000303,0.000000778,0.0000281,0.0000388,6.677314497,9.632824095,9.627876109,7.606805556,11.80914449,7.110056818,8.64812136,7.632766106
15.02346379,0.000109,0.999,0.0000547,0.00000141,0.0000507,0.00104,7.190523446,12.86936111,10.00132894,8.553869949,7.2609375,7.850868056,10.20302083,7.259970238
6.485183573,0.227,0.599,0.0713,0.000000245,0.102,0.0000122,6.379825128,11.89128028,8.726414108,8.450862695,8.102159085,7.110824292,6.947689607,8.839791577
10.9435479,0.0000276,0.761,0.0587,0.000000356,0.0293,0.151,5.839655165,10.53874431,7.06919509,9.287863234,7.475408015,6.680090023,6.092235161,6.910739626
8.578560856,0.11,0.579,0.0939,0.000000223,0.00000804,0.218,5.624279038,10.12064407,7.962582166,11.74564087,7.063375379,7.465726107,6.019396253,8.892671958
7.819201874,0.0000416,0.894,0.0000209,0.000000536,0.106,0.0000267,5.622019522,9.623153322,7.784001282,9.980751761,6.662611223,7.181463956,5.899724764,7.415899123
7.488848601,0.21,0.757,0.0000163,0.00000042,0.0329,0.0000209,5.671609654,12.12240884,7.672397405,9.171086007,9.881185549,6.752492856,7.226758353,7.500983768
5.097827837,0.0281,0.752,0.0000162,0.000000416,0.22,0.0000208,6.119715535,9.01775089,9.469126976,9.563286599,6.935969985,7.618114316,7.648831865,7.787258425
14.78021656,0.0442,0.864,0.0917,0.000000629,0.0000227,0.0000314,6.359285804,13.12332492,8.139228097,10.71790741,8.584322638,8.482074176,9.32248677,8.668621675
10.20602495,0.205,0.68,0.0000159,0.000000407,0.115,0.0000203,6.186365618,11.50887108,6.566012339,8.145435993,15.80252582,5.968765025,5.582456552,6.955923913
10.30049151,0.0000319,0.934,0.0663,0.00000041,0.0000148,0.0000205,6.245987284,10.97028721,7.481904885,12.65687702,9.219003352,6.523259522,6.539397354,8.503755095
13.89229444,0.0000365,0.79,0.0799,0.000000471,0.000017,0.13,6.358562746,12.28123419,7.246415086,7.29805213,7.566446902,6.643639867,7.069658811,8.259117535
13.72453886,0.0209,0.884,0.0803,0.000000562,0.0000203,0.0151,5.720934272,12.92491346,6.57070874,8.468544641,7.497601446,6.521047009,5.473027681,7.068897407
11.02648661,0.312,0.584,0.0000265,0.00000068,0.0528,0.0514,6.187309319,10.90276649,7.824870012,8.593469964,8.428834138,6.93310866,5.862992284,8.665079643
12.51048301,0.000115,0.806,0.0000579,0.00000149,0.0000536,0.194,7.617815792,14.54008388,7.394693813,6.424349206,9.833629386,5.6175,5.776984848,7.260519719
10.70607359,0.289,0.71,0.0000122,0.000000313,0.0000113,0.000875,6.471974665,12.00077965,7.67947516,10.14032631,7.929636054,7.69676766,7.862984777,7.688751975
9.838590306,0.0000246,0.745,0.056,0.000000317,0.0285,0.17,6.738139773,11.04377604,7.225078704,10.73242075,7.515734352,7.126694318,6.433600001,6.876479135
10.39336701,0.238,0.544,0.0711,0.000000228,0.147,0.0000114,5.81938021,9.981603496,7.966244307,13.21825344,9.237732198,7.21066082,6.370912912,7.816299957
10.54067007,0.727,0.268,0.00000548,0.000000141,0.00445,0.00000702,6.548662384,11.61666209,7.426333192,10.60883399,8.020857961,8.485048985,7.261217659,7.197494093
12.70941567,0.322,0.631,0.0473,0.000000345,0.0000125,0.0000172,6.356226764,11.45455988,7.431432979,11.82292333,11.0819813,7.308585478,8.023561593,7.08679343
14.84282323,0.219,0.724,0.0565,0.000000484,0.0000175,0.0000241,8.735657418,10.31027817,7.485315279,11.85775194,6.871135602,6.55375817,5.857273904,7.307337427
11.11832253,0.0000889,0.89,0.0000446,0.00000115,0.0000413,0.11,6.382567385,11.24747713,7.876218651,8.784190342,12.30780349,6.50228836,6.779507102,7.008268356
9.262592251,0.0128,0.292,0.369,0.000000502,0.0000181,0.326,6.439616401,15.15773064,6.451487069,14.27005585,10.09687903,6.198353533,7.596351577,8.33672233
7.029762767,0.254,0.337,0.409,0.000000566,0.0000204,0.0000282,6.292451695,14.28752741,6.601019988,12.00692592,8.655794712,6.335597927,8.465889634,8.343810302
6.407199541,0.0000407,0.803,0.153,0.000000524,0.0447,0.0000262,5.825856874,11.79106867,6.656319373,8.596593424,7.405110958,6.088088697,6.56329454,7.399463097
6.623536192,0.319,0.579,0.0809,0.000000282,0.0215,0.0000141,5.607873709,11.07072721,7.714848209,12.05873927,6.746530303,6.628096271,5.770893191,9.139731941
4.896863278,0.164,0.694,0.142,0.000000309,0.0000112,0.0000154,6.224530522,13.33627482,7.522992204,12.93346925,7.033531521,7.412430556,6.551946299,7.118879194
12.06830039,0.441,0.00112,0.116,0.000000474,0.032,0.41,5.896011424,8.730208333,7.304904762,6.883082875,7.504166667,8.061979167,4.553333333,12.20369792
7.247280337,0.0000521,1,0.0000262,0.000000671,0.0000242,0.0000335,5.984765851,9.713241516,7.193317659,8.452998109,10.04382602,6.855746089,7.918709354,7.491326836
13.11408614,0.387,0.215,0.00000725,0.000000186,0.0317,0.366,5.860963702,9.339404535,6.208414518,8.612353266,8.784773326,7.470128779,6.653600554,7.327723623
16.56541942,0.955,0.0451,0.0000765,0.00000196,0.0000709,0.000098,6.984212963,10.66702381,5.537222222,11.41805556,10.90097222,7.541666667,5.597048611,6.133888889
11.09139111,0.0282,0.499,0.386,0.000000873,0.087,0.0000435,6.475565797,11.07585104,7.58829541,14.31788541,9.236993179,7.189063123,6.576244447,7.817450193
5.022726905,0.79,0.132,0.0779,0.000000585,0.0000211,0.0000292,6.403514291,13.73556412,7.469586895,8.51975,13.23720328,5.845039683,7.39321176,10.04583139
6.481341967,0.0859,0.914,0.0000934,0.0000024,0.0000865,0.00012,7.352806122,8.379072362,5.651053129,4.747148148,6.081956699,4.995277778,6.668557089,11.18537527
10.0034663,0.000262,0.542,0.458,0.00000338,0.000122,0.000169,8.345600731,12.02678197,6.864051129,6.40028836,8.040376384,5.392133269,6.86437247,6.796388429
1.051815759,0.998,0.00172,0.0000221,0.000000566,0.0000204,0.0000283,7.859652778,5.958333333,9.724074074,6.881944444,6.675,2.366666667,7.064560185,7.559375
4.590965423,0.00065,0.998,0.000326,0.00000838,0.000302,0.000418,8.506481481,6.998935185,11.42416667,7.6,9.76875,5.69375,10.207125,5.058333333
11.32823953,0.000132,0.316,0.0000662,0.0000017,0.0000614,0.684,7.268257369,12.88949603,8.51818663,6.642271573,7.902306548,6.235617725,6.521990783,7.591389259
4.569266123,0.000219,0.446,0.00011,0.00000283,0.554,0.000141,6.380198148,10.84565873,8.389107143,7.635055556,9.435763889,8.384375,5.695376984,12.1537037
16.40164199,0.375,0.514,0.0000151,0.000000388,0.111,0.0000194,6.260889957,10.62987056,8.429173387,8.10221619,8.113632418,6.659792688,6.519350627,7.262618138
7.204855336,0.203,0.584,0.0622,0.000000221,0.151,0.000011,5.467207812,8.864408339,7.996302492,8.89259231,6.71795063,6.476177941,6.275015697,8.053480718
10.90268012,0.277,0.622,0.101,0.000000284,0.0000102,0.0000142,6.549408916,10.62538112,8.48684647,10.06066276,6.639972946,7.957315566,7.051269736,8.239229861
9.248738984,0.169,0.779,0.0516,0.000000371,0.0000134,0.0000185,5.788697759,9.965898811,7.801878141,8.793672178,6.82938197,6.856957662,6.871846183,7.329893906
6.759998865,0.252,0.748,0.0000197,0.000000507,0.0000183,0.0000253,6.801907774,11.8765504,8.249788303,7.245422103,12.06254889,6.226391449,8.203731412,6.649096281
10.57249323,0.18,0.788,0.0000149,0.000000384,0.0000138,0.0314,5.656084964,10.43434004,7.011534649,9.047689322,7.874446412,7.333105137,6.559492239,8.456258759
19.4661129,0.000085,1,0.0000427,0.0000011,0.0000395,0.0000546,6.292369826,9.749948532,8.470933381,14.5948125,8.932563492,8.571948653,6.476098216,7.934680886
14.3609206,0.0000708,0.903,0.0000355,0.000000913,0.0972,0.0000455,5.883151987,7.067564815,9.043643494,12.8921493,5.760092593,9.003003247,5.501917931,10.68765415
14.62970129,0.0000575,1,0.0000289,0.000000741,0.0000267,0.000037,5.385643574,9.755681281,7.112360233,9.621674012,6.561625769,6.898582048,5.632352295,8.092554867
8.239023152,0.935,0.0645,0.00000707,0.000000181,0.00000655,0.00000905,6.016315634,12.67729823,7.517293597,10.26453435,7.595309274,8.787665677,6.329507225,8.014068092
13.37443271,0.0000622,0.000233,0.0000312,0.000000801,0.0000289,1,5.134479473,8.950330808,8.314688823,10.55255495,5.243762626,8.507366797,4.703310718,8.373392857
10.66028864,0.193,0.553,0.13,0.000000196,0.124,0.0000098,5.992608275,9.196377539,8.987037625,11.73625062,6.531016542,8.726839078,6.342526365,8.673305475
12.14625095,0.221,0.731,0.0000171,0.000000438,0.0482,0.0000219,6.145735885,9.863701507,8.412915364,12.50606239,8.65370674,7.62645007,9.103885223,8.759758346
13.41861309,0.182,0.709,0.0000155,0.000000397,0.0000143,0.109,5.704421811,8.617351238,7.988628517,11.91969352,7.738189021,7.908258452,8.150417798,8.892373361
7.336752494,0.000131,0.371,0.404,0.00000169,0.224,0.0000844,7.846608245,11.44963445,5.560529822,5.428938733,6.30344437,10.71354167,6.778984571,5.904270833
14.97708518,0.746,0.252,0.00218,0.00000154,0.0000557,0.000077,10.21280194,11.75113408,6.78663998,5.298534632,8.097888309,6.700088684,7.304614636,8.046567235
8.706933246,0.000485,0.926,0.00884,0.00000625,0.000226,0.0648,8.682000685,12.70075468,6.191745191,4.903247782,8.068350885,7.029917074,6.57807791,7.269115182
7.572834042,0.000371,0.999,0.000186,0.00000478,0.000172,0.000238,9.23767735,14.38882609,6.016598901,5.036238604,9.080181052,7.99588141,6.037634484,7.670177575
8.688049173,0.0982,0.776,0.0000452,0.00000116,0.0000419,0.125,8.234748651,13.03482371,5.893137075,4.969411437,7.106435796,6.432655229,7.023773095,5.874564637
0.491995826,0.998,0.000341,0.0000455,0.00000117,0.0000422,0.00167,7.995569444,11.79446065,7.747986111,4.556666667,8.153819444,7.747916667,6.422222222,6.628531746
2.420556336,0.0000555,0.179,0.82,0.000000715,0.0000258,0.0000357,10.43170053,10.63136364,7.379549785,5.277966943,6.361772487,7.08659818,7.044571073,8.288177083
10.96840431,0.433,0.378,0.19,0.000000926,0.0000334,0.0000462,9.669625325,13.37168056,6.51678056,5.298566829,7.408614503,6.844070513,6.111633409,7.253472222
4.483064893,0.000797,0.991,0.00746,0.0000103,0.00037,0.000512,8.564065873,10.37139182,6.738847222,4.998742063,6.160972222,8.260277778,6.37731746,6.292824074
0,0.000212,0.999,0.000107,0.00000274,0.0000987,0.000137,10.48953333,11.62095833,7.500583333,6.3078125,7.849255952,7.344791667,7.969981481,10.23819444
5.284862874,0.000272,0.21,0.789,0.0000035,0.000126,0.000175,8.74263254,12.52581503,7.48631722,4.793640873,7.380168269,7.728571429,6.202675926,10.63152778
14.35914303,0.000636,0.00238,0.996,0.00000819,0.000295,0.000409,11.74496458,17.29018924,6.345444444,5.403240741,6.90625,7.277083333,8.044888889,7.300694444
17.83202115,0.0000959,1,0.0000481,0.00000123,0.0000445,0.0000616,9.070078972,13.72449893,7.363127482,6.05481734,6.845802397,7.671666667,6.84487684,6.809247004
7.067142559,0.203,0.796,0.0000152,0.00000039,0.0000141,0.0000194,8.643063198,12.94677463,6.21846492,5.540891274,7.108294867,8.34911637,6.708090337,6.947257389
8.946948931,0.7,0.285,0.0149,0.00000127,0.0000457,0.0000633,9.506449206,12.61286806,7.576228836,4.336388889,8.862053571,6.71140873,6.903563797,8.091175214
9.208268961,0.0304,0.491,0.479,0.000000832,0.00003,0.0000415,8.038949593,10.923976,6.451718991,5.013245293,6.950654903,6.074684106,6.197790265,8.089961358
10.2933649,0.0697,0.591,0.0000324,0.000000831,0.00003,0.339,7.700945107,10.22741171,6.603283,5.195405563,7.098601894,6.78048657,6.923528507,7.301946249
10.21709774,0.0000263,0.432,0.224,0.000000338,0.0405,0.304,8.473464788,11.64826415,8.218277554,5.257213725,9.09292954,6.215728632,7.418413527,8.48636969
20.55731898,0.000026,0.795,0.142,0.000000335,0.0361,0.0267,8.915309053,12.10254029,7.692634907,5.485848341,8.277573395,7.424884572,8.374443552,9.269022619
5.388292408,0.0000943,1,0.0000473,0.00000122,0.0000438,0.0000606,9.120679117,11.41618211,8.102557957,5.749563563,7.338564452,7.862083333,8.817257802,9.73157473
14.58415141,0.194,0.635,0.0851,0.000000377,0.0000136,0.0853,8.615159362,12.04810572,7.810389511,5.55118806,8.416634099,7.262733459,7.655438225,9.213381418
16.50276253,0.0000559,0.875,0.000028,0.00000072,0.000026,0.125,6.696263583,13.04009193,8.178297756,9.412114136,7.950884104,8.513192499,6.544569576,8.760385199
12.45043811,0.258,0.742,0.0000206,0.000000528,0.000019,0.0000263,6.928146209,13.12880807,8.056768831,7.804050989,8.134290676,7.892924253,7.08791224,9.375813868
8.157387367,0.0141,0.861,0.125,0.000000455,0.0000164,0.0000227,6.809385719,11.43144902,7.542780046,7.559845194,7.75358607,7.409333651,7.33732772,7.859091053
10.84368358,0.0000251,0.748,0.105,0.000000323,0.0238,0.123,6.658332841,12.15231135,8.666226966,7.755402609,8.148156085,7.313540602,7.29558146,7.724870871
10.51705326,0.00274,0.423,0.354,0.000000283,0.0000102,0.221,4.697254876,8.082122347,6.244898745,11.88133421,7.990966099,8.662262671,5.062595537,6.860610636
10.08955642,0.483,0.119,0.0327,0.000000257,0.00000928,0.365,5.364232761,9.668225972,6.216127735,9.930292574,6.768588092,8.17151094,6.119404153,7.363054472
3.685545985,0.835,0.164,0.0000645,0.00000166,0.0000597,0.0000826,8.930307937,13.84861111,8.416196636,11.58601566,8.15,6.947222222,6.051111111,9.627083333
4.727634246,0.46,0.000138,0.045,0.000000475,0.495,0.0000237,7.531936885,12.20742546,7.935881092,8.436273877,8.007116402,8.659138622,8.195314913,8.571080466
7.028588266,0.279,0.721,0.0000121,0.000000311,0.0000112,0.0000155,6.140345722,11.24091581,7.0681018,10.40822361,9.869062222,7.87422538,9.127265718,7.891546995
10.10120435,0.000127,0.641,0.359,0.00000164,0.0000592,0.0000819,6.892822921,11.56895649,7.022322872,9.063972289,7.923916246,7.176771922,8.144673553,7.525549154
8.980444019,0.0288,0.88,0.0000326,0.000000837,0.0000302,0.0909,6.446187358,13.69606365,6.211725856,7.875650571,7.701868639,7.383443813,8.09041132,7.968164747
12.13904544,0.000246,0.256,0.000124,0.00000317,0.000114,0.744,6.208411044,11.77386111,6.476365981,6.902916667,10.09027778,6.427083333,7.429271104,8.320700631
5.528232636,0.0000641,0.796,0.0000322,0.000000826,0.0000298,0.204,6.088737298,13.84442536,6.852440952,7.758647906,9.709198845,7.271074394,6.785669833,7.342069028
7.095968017,0.306,0.651,0.0000257,0.000000661,0.0000238,0.0432,6.239108025,14.30095605,6.590854681,7.916426382,7.392225391,8.065057715,6.588103814,7.464304956
14.07147211,0.0000329,0.998,0.0000165,0.000000423,0.0000153,0.00177,6.867704477,15.36800395,7.389567022,8.269163656,8.757747844,8.233051075,8.744099214,7.870467494
9.177015046,0.0000559,0.759,0.0000281,0.00000072,0.000026,0.241,6.522563214,15.05012208,6.502125849,8.564621595,12.35972222,8.196492499,7.630117039,8.112173064
4.266270004,0.0018,0.995,0.000904,0.0000232,0.000837,0.00116,8.104194444,12.19895833,6.830416667,7.621416667,11.45833333,6.200694444,9.610548611,10.15486111
7.119953625,0.0000585,0.489,0.0000293,0.000000753,0.0000272,0.511,6.669833889,13.69046391,6.921893002,8.155660591,12.01701224,9.086766633,7.518672532,7.19747755
9.284400668,0.0187,0.764,0.000438,0.000000603,0.0000218,0.217,6.644009681,13.93571061,7.89470578,8.797189868,7.169842365,8.9745632,7.390566616,7.96046207
11.70221806,0.0000583,0.8,0.0000293,0.000000751,0.0000271,0.2,6.46463902,13.53417178,7.078871973,8.698052114,7.393169545,9.075309761,7.228190147,8.691252541
16.92674447,0.316,0.261,0.246,0.000000633,0.0000228,0.176,7.0240765,10.14145155,9.177559178,10.35477256,6.650648148,8.198885193,9.070389295,7.992101908
7.597073638,0.251,0.669,0.0000208,0.000000535,0.0000193,0.0802,6.696138468,15.14017793,7.747925723,9.307462256,7.493116383,10.64495863,7.914165719,8.066656622
13.6577224,0.0000623,0.887,0.113,0.000000802,0.0000289,0.00004,5.957269899,11.23051909,7.416944735,11.53515846,8.412849206,9.09528372,6.928621923,7.297264306
12.28458808,0.0263,0.896,0.0000101,0.000000259,0.0533,0.0242,6.618341945,12.47483832,6.814206993,7.22790913,7.596506298,7.452959025,7.706993387,7.313629531
17.17123551,0.685,0.315,0.00000593,0.000000152,0.00000549,0.000112,6.835761751,12.83680546,7.027180827,8.135180388,8.568747515,8.890251569,6.99527089,8.294715739
17.13384326,0.184,0.679,0.134,0.000000394,0.0000142,0.00192,7.304295713,12.95503061,8.202398862,7.964764108,8.43593003,7.229689714,7.792524909,9.337457365
17.17419296,0.000116,0.711,0.0000582,0.00000149,0.124,0.164,6.183535124,10.61674934,7.90956229,7.977139099,15.00301416,7.477207341,7.145188385,8.06577381
8.018652943,0.000107,0.87,0.0000536,0.00000138,0.13,0.0000686,6.624431753,10.16245578,8.094018878,9.239364043,8.470221126,7.308958333,6.047045177,8.160378028
19.88164426,0.367,0.633,0.0000304,0.000000781,0.0000282,0.000039,6.879550856,14.10355308,8.26066303,8.865823685,8.750243056,8.303968254,6.916733927,8.66480265
14.75176556,0.188,0.669,0.0000148,0.000000379,0.0281,0.115,6.913979331,15.81891671,7.858742075,8.856155023,7.816862894,8.284429233,7.480869176,9.419760941
7.58897126,0.0358,0.662,0.0000178,0.000000457,0.0000165,0.302,6.340166416,13.53644121,8.039962862,10.76763232,8.499237915,8.23290339,6.454900721,8.393186558
28.67589615,0.442,0.558,0.0000326,0.000000837,0.0000302,0.0000417,6.572213329,14.2603176,8.207391898,9.435618738,7.507449839,8.047509727,8.494726049,8.30544723
13.74474767,0.246,0.754,0.0000206,0.00000053,0.0000191,0.0000264,6.555525003,14.05178714,8.471037358,8.452804605,7.780939234,8.129108796,6.937566088,7.469929029
9.828477073,0.0254,0.911,0.0000294,0.000000754,0.0637,0.0000376,7.871403715,15.25811939,8.549350253,6.443100009,8.516955087,7.442686626,7.627021265,9.430604768
17.2290759,0.205,0.794,0.0000172,0.000000443,0.00032,0.0000221,7.829632128,14.74986571,7.944815372,5.989660399,7.851831821,7.124191497,8.611923886,8.433340136
4.828741097,0.232,0.73,0.0000186,0.000000477,0.0381,0.0000238,7.691021133,13.30545959,6.897437598,5.776059197,8.077321258,6.942532206,7.184048223,8.425132753
11.87501322,0.0000364,0.986,0.0000183,0.000000469,0.0000169,0.0139,7.620744191,13.50076451,7.118700152,5.819685692,7.59238863,6.762431367,7.828886907,8.714484558
13.68778674,0.0000336,0.825,0.0000169,0.000000433,0.0438,0.131,7.711338532,11.73251649,7.142910299,5.402320196,7.08028492,7.013359049,7.872306041,9.009836749
10.4697935,0.257,0.742,0.0000225,0.000000576,0.0000208,0.0000288,7.592937032,11.96742239,7.050678517,5.329154363,6.968105481,7.19591109,7.552041864,7.799233692
11.52053422,0.000117,0.442,0.0000588,0.00000151,0.0000544,0.558,7.603283747,12.94697282,6.050814035,5.00033727,8.663085317,6.668359418,6.090024117,8.416548103
16.88620643,0.551,0.449,0.000042,0.00000108,0.0000389,0.0000538,8.10455474,13.16170286,6.775538213,5.019350049,7.429205349,7.667208234,6.397292119,8.307771164
16.0756051,0.0000641,0.89,0.0000322,0.000000826,0.0000298,0.11,7.89165541,12.42059039,7.248503955,5.856274691,7.498848379,6.530923611,7.953404733,8.887878265
12.22944437,0.0506,0.345,0.0000119,0.000000305,0.0178,0.587,7.257898301,13.48882139,7.017477062,5.926698732,9.44783038,8.316646327,6.343564369,8.954904338
18.7623848,0.0241,0.596,0.249,0.000000729,0.0726,0.0586,7.065219228,13.38052855,5.880315237,5.454096026,6.614398369,8.141931072,6.917508792,8.018527468
6.385403377,0.000127,0.77,0.229,0.00000164,0.000059,0.0000816,7.243614863,14.73754836,9.995448135,6.624634503,7.726180556,7.309849256,7.460327261,7.564002525
0.942382668,0.000267,0.704,0.000134,0.00000343,0.295,0.000171,9.444989551,12.27111264,7.301397978,5.068936089,5.538380117,10.32299306,8.124143349,8.903750389
1.670253641,0.285,0.363,0.353,0.000000566,0.0000204,0.0000283,11.70385693,14.01418912,6.938856151,6.22490073,7.881861111,9.591999898,8.587198048,9.304999474
5.675694254,0.473,0.527,0.0000177,0.000000453,0.0000164,0.0000226,8.45463545,14.77449105,7.069697442,5.548149447,9.57487214,6.991323846,7.818654059,9.114519627
2.296336662,0.342,0.57,0.0000236,0.000000607,0.0601,0.0284,9.015664167,14.24894497,6.08554951,5.307924545,7.531325812,7.377545474,7.22408677,9.344795257
6.153747874,0.296,0.407,0.0759,0.000000585,0.055,0.166,7.759504958,14.21506456,6.958770915,6.604046652,6.967852981,7.963599942,6.641658804,9.801291764
1.238276142,0.00011,0.468,0.0000553,0.00000142,0.0000512,0.531,10.81394922,11.70699261,7.949169932,5.055474515,6.267919302,6.380027937,8.55029009,8.744480057
2.512500575,0.19,0.39,0.319,0.000000395,0.0000143,0.101,10.5058049,13.87908049,8.004589932,5.478694495,7.961189236,6.454131944,8.382092301,9.052012245
5.955939713,0.195,0.237,0.0932,0.000000366,0.0379,0.437,11.43399219,10.93237151,8.400184342,6.451639037,6.924816176,9.927795815,7.610926389,10.187193
11.92057287,0.00014,0.257,0.296,0.0000018,0.0000651,0.446,11.16373776,11.37411806,7.786757576,4.096805556,7.196875,5.846666667,9.016436508,9.130952381
14.51798285,0.000277,0.997,0.000139,0.00000357,0.000129,0.00263,10.06149254,14.04661242,5.609026696,4.96419943,6.905494281,8.494143519,6.55079261,8.412774725
1.918471048,0.000161,0.193,0.807,0.00000207,0.0000748,0.000103,8.210407143,7.588425926,7.642478355,8.354769841,7.520833333,6.667708333,6.445238095,13.01201389
21.31023974,0.217,0.66,0.0804,0.000000466,0.0426,0.0000232,5.552876388,10.401021,7.754492928,13.84911488,7.311150314,8.525683981,5.660689342,8.525891052
17.18358864,0.431,0.522,0.0000149,0.000000381,0.0000138,0.0469,4.732029729,8.759180699,6.276958756,12.95119371,6.248850501,8.113688642,5.960132031,7.540457669
8.531688423,0.0000336,0.347,0.0523,0.000000433,0.0000156,0.601,5.071902009,10.20303946,6.117288631,9.437080224,7.425939222,7.699273256,6.442755625,8.585565478
13.85541957,0.0223,0.978,0.0000247,0.000000635,0.0000229,0.0000317,4.819697336,9.645380056,6.236902558,10.17340086,6.797344009,8.658336279,5.086784564,8.106129087
9.639377089,0.658,0.322,0.0000135,0.000000346,0.0000125,0.02,6.207674387,11.77971915,6.418048059,9.527854753,10.19615741,9.240718407,6.368359308,7.854406933
11.55745073,0.0205,0.879,0.0000257,0.00000066,0.0000238,0.1,5.102814558,10.3804639,6.374530617,9.591015964,6.707956349,7.353445138,5.564192993,6.93411052
14.61088364,0.409,0.231,0.351,0.000000446,0.0000161,0.00921,6.370024664,13.38370792,7.315986687,8.697840168,8.329652161,9.228314176,6.698476501,9.272243975
16.92925688,0.0125,0.829,0.0788,0.000000431,0.0489,0.0311,6.568580259,15.31939286,6.252870393,6.681679482,8.64864885,7.435113879,7.373534573,7.727319177
37.33522668,0.000125,0.214,0.0000625,0.00000161,0.0000579,0.785,6.608339414,13.81538153,7.268443157,13.96653263,8.035896382,8.848722155,6.431397845,8.426574148
2.273283219,0.409,0.0109,0.0000319,0.000000819,0.0653,0.515,5.456027778,7.318055556,8.756472222,12.35194444,3.745833333,7.285416667,5.761388889,9.235119048
8.185329663,0.614,0.291,0.0669,0.000000416,0.000015,0.0274,5.795703349,10.54434422,9.520851496,12.2212276,6.336896091,8.687861154,5.996710875,9.390498844
16.14428853,0.0000809,0.814,0.186,0.00000104,0.0000376,0.000052,8.269340384,9.236232041,6.637567326,5.672097666,6.936578897,5.845767457,6.985796197,11.48566468
10.99814014,0.000037,1,0.0000186,0.000000477,0.0000172,0.0000238,9.203883442,9.418011394,8.236490415,8.907421078,6.594662753,9.708240867,9.507472656,9.427364309
14.06662717,0.0525,0.947,0.0000561,0.00000144,0.0000519,0.0000718,8.79125411,8.708963989,6.790799062,7.253244464,5.746598725,11.01213624,7.401076923,9.048784722
0.651335307,0.000122,0.655,0.344,0.00000157,0.0000567,0.0000784,7.686760582,6.707769841,10.36310999,5.477722222,4.892460317,6.462777778,12.06769793,8.346782407
7.728272058,0.511,0.000308,0.343,0.00000106,0.0851,0.0612,6.996015079,14.1373125,5.990791667,6.020099206,6.501388889,8.591145833,5.064424603,5.923472222
5.207662512,0.895,0.104,0.0000726,0.00000186,0.0000672,0.000093,6.616018519,7.125,6.389583333,14.03333333,15.60416667,5.05,4.75,5.020833333
9.016960462,0.0106,0.904,0.0000154,0.000000395,0.0307,0.0549,8.975854305,10.4000115,8.228087793,7.667117128,7.665024001,8.123876488,7.799150429,9.714207105
0.861794204,0.000618,0.769,0.23,0.00000797,0.000287,0.000397,9.108333333,9.721876984,8.456388889,7.156805556,6.388888889,4.839583333,8.082777778,11.18958333
26.47668989,0.0000843,0.389,0.365,0.00000109,0.0000392,0.246,7.609801952,7.42038673,7.944476361,7.633790595,5.798419432,10.1845948,7.379177295,9.083442708
11.30293917,0.346,0.654,0.0000281,0.000000722,0.000026,0.000036,8.196157164,11.65472615,7.091656635,5.686893398,10.15154572,6.848068816,7.622751705,9.165772376
13.2190421,0.0000765,1,0.0000384,0.000000986,0.0000356,0.0000492,7.664378196,11.49075806,6.947685905,4.970668151,5.991404186,7.331997034,8.418490694,7.729322674
5.453586787,0.000333,0.999,0.000167,0.00000428,0.000155,0.000214,7.483972222,12.07711806,6.402513889,5.046666667,6.069097222,6.260069444,6.779801587,7.590496032
6.942292419,0.000703,0.998,0.000353,0.00000906,0.000327,0.000452,10.04604861,8.551736111,8.750076389,7.463376736,6.760416667,2.275,4.828993056,6.104861111
7.91956398,0.000387,0.999,0.000194,0.00000499,0.00018,0.000249,13.02159722,7.6375,6.866666667,8.729166667,15.33239583,6.6,6.330555556,7.416666667
1.737580988,0.971,0.0284,0.0000874,0.00000224,0.0000809,0.000112,11.454625,10.36666667,10.08333333,14.36572917,3.083333333,7.308333333,5.545833333,6.675
